DAC	thr_voltage
1	0.338022131
1	0.336524062
1	0.336604748
1	0.33659438
2	0.336611559
2	0.335109889
2	0.335123636
2	0.335084116
3	0.335123786
3	0.3336301
3	0.333611301
3	0.333648856
4	0.3336175
4	0.332228788
4	0.332180638
4	0.332130494
5	0.332109515
5	0.330693262
5	0.330677977
5	0.330693452
6	0.330726659
6	0.329222727
6	0.329181053
6	0.329157918
7	0.329197785
7	0.327732964
7	0.327717817
7	0.327687611
8	0.327680168
8	0.326252524
8	0.326249131
8	0.326261119
9	0.326241922
9	0.324754787
9	0.324754233
9	0.324741709
10	0.324768359
10	0.323247753
10	0.323257951
10	0.323245584
11	0.323252189
11	0.321728118
11	0.321755363
11	0.321714418
12	0.321741085
12	0.320203704
12	0.32021524
12	0.320197827
13	0.32019899
13	0.318739082
13	0.318717537
13	0.31871161
14	0.31870346
14	0.317233376
14	0.317247228
14	0.317238053
15	0.317245582
15	0.315793074
15	0.315781861
15	0.315808248
16	0.315809766
16	0.31428471
16	0.314297219
16	0.314301124
17	0.314284913
17	0.312864227
17	0.312819535
17	0.312839452
18	0.312830385
18	0.311378259
18	0.311375255
18	0.311407929
19	0.311396928
19	0.309958793
19	0.309923568
19	0.309937677
20	0.309956924
20	0.308444892
20	0.30846136
20	0.308453079
21	0.308445437
21	0.306987642
21	0.306999741
21	0.306988559
22	0.306984228
22	0.305473011
22	0.30545944
22	0.305461836
23	0.30549374
23	0.303979307
23	0.303972835
23	0.303927285
24	0.303932878
24	0.30246042
24	0.302485733
24	0.302489029
25	0.302489656
25	0.301051676
25	0.301038444
25	0.301030031
26	0.301018808
26	0.299522953
26	0.299526089
26	0.299521188
27	0.299515
27	0.298002231
27	0.298003327
27	0.297963796
28	0.29799826
28	0.296471207
28	0.29646824
28	0.296439652
29	0.296473801
29	0.295008359
29	0.295027264
29	0.294994675
30	0.294995811
30	0.293520186
30	0.293524159
30	0.293515643
31	0.293530217
31	0.29209916
31	0.292079385
31	0.292062695
32	0.292054873
32	0.290596816
32	0.290578713
32	0.290572069
33	0.290575256
33	0.289148904
33	0.289148101
33	0.289144447
34	0.289125891
34	0.287684991
34	0.287651655
34	0.28764016
35	0.287674849
35	0.286244307
35	0.286209967
35	0.286257313
36	0.286263642
36	0.284796509
36	0.284781254
36	0.284796379
37	0.284817822
37	0.283337075
37	0.283342444
37	0.283327317
38	0.283356915
38	0.281819579
38	0.281831531
38	0.281825355
39	0.28181497
39	0.280337485
39	0.280337645
39	0.280365385
40	0.28038496
40	0.278894533
40	0.278883333
40	0.278891235
41	0.27888557
41	0.277444579
41	0.277449661
41	0.277414186
42	0.277460643
42	0.27588997
42	0.275893042
42	0.275907324
43	0.275871358
43	0.274376087
43	0.274375903
43	0.274352438
44	0.274352209
44	0.27283203
44	0.272838934
44	0.272854252
45	0.272868
45	0.271399871
45	0.271366105
45	0.271405334
46	0.271392464
46	0.269909994
46	0.269917007
46	0.269927172
47	0.269927268
47	0.268418953
47	0.268437358
47	0.268466045
48	0.268476464
48	0.266958782
48	0.266960725
48	0.266946205
49	0.266953079
49	0.265473911
49	0.265516143
49	0.265468615
50	0.265481534
50	0.264006586
50	0.263992968
50	0.264002207
51	0.26402511
51	0.262578625
51	0.262574034
51	0.262591271
52	0.262568831
52	0.261117986
52	0.261123751
52	0.261144575
53	0.261116778
53	0.25968884
53	0.259641424
53	0.259650359
54	0.259651156
54	0.25813092
54	0.258116497
54	0.258116306
55	0.258135736
55	0.256698011
55	0.256675467
55	0.256674705
56	0.256670461
56	0.255193244
56	0.25521223
56	0.255199608
57	0.255194593
57	0.253718007
57	0.253716753
57	0.253726471
58	0.253745489
58	0.252209753
58	0.25219608
58	0.252206437
59	0.252226505
59	0.250659844
59	0.250675777
59	0.250669425
60	0.250658974
60	0.249140287
60	0.249163439
60	0.249158244
61	0.249147905
61	0.247684992
61	0.247715263
61	0.24768777
62	0.247676934
62	0.246221571
62	0.246219471
62	0.2462305
63	0.246219632
63	0.244769269
63	0.244739109
63	0.244767773
64	0.244763845
64	0.243265248
64	0.243259368
64	0.243271052
65	0.243279518
65	0.241837003
65	0.241852253
65	0.241822027
66	0.241816238
66	0.240391133
66	0.240385326
66	0.24036867
67	0.240363035
67	0.238901329
67	0.23891042
67	0.238912472
68	0.238922236
68	0.23749288
68	0.237482291
68	0.237490303
69	0.237501116
69	0.236002307
69	0.236020427
69	0.236013635
70	0.23601187
70	0.234477842
70	0.234468624
70	0.234444267
71	0.234462284
71	0.23300517
71	0.2330084
71	0.233006557
72	0.2330331
72	0.23154111
72	0.231557228
72	0.231538181
73	0.231525902
73	0.230075775
73	0.230076786
73	0.23006587
74	0.230055447
74	0.228539455
74	0.228536542
74	0.22853559
75	0.228533503
75	0.227030435
75	0.227031863
75	0.227027172
76	0.227009116
76	0.225507072
76	0.22550596
76	0.225498524
77	0.225479248
77	0.223993781
77	0.224001867
77	0.223984401
78	0.223971268
78	0.222541739
78	0.222537072
78	0.222530843
79	0.22251053
79	0.221029471
79	0.221030205
79	0.22103437
80	0.221036771
80	0.219576319
80	0.219580553
80	0.21955607
81	0.219568641
81	0.21812439
81	0.218138316
81	0.218134335
82	0.218129889
82	0.216681547
82	0.216671855
82	0.216675907
83	0.216697408
83	0.215239164
83	0.215248659
83	0.215223592
84	0.215267811
84	0.213790845
84	0.213810207
84	0.213782808
85	0.213786682
85	0.21228043
85	0.212309051
85	0.212301554
86	0.212281661
86	0.210775885
86	0.210766041
86	0.210790166
87	0.210764987
87	0.209312656
87	0.209297255
87	0.209311561
88	0.209318866
88	0.207851793
88	0.207833131
88	0.207861103
89	0.207843082
89	0.206372166
89	0.206382293
89	0.206383842
90	0.206368017
90	0.204847385
90	0.20486805
90	0.204861939
91	0.204861268
91	0.203324762
91	0.203334397
91	0.203335881
92	0.203341028
92	0.201832864
92	0.201833806
92	0.201818574
93	0.201827398
93	0.200363487
93	0.200367184
93	0.200335272
94	0.200328749
94	0.19887845
94	0.198862794
94	0.198864808
95	0.198893362
95	0.197431589
95	0.197426516
95	0.197417654
96	0.197431106
96	0.195938406
96	0.195938442
96	0.195926326
97	0.195903947
97	0.194481112
97	0.194473324
97	0.194480353
98	0.194463988
98	0.193044773
98	0.193057947
98	0.193060316
99	0.19302007
99	0.191579396
99	0.191563893
99	0.191595269
100	0.191594578
100	0.190125663
100	0.190121122
100	0.190135962
101	0.190105894
101	0.188641533
101	0.188644312
101	0.188635236
102	0.188640073
102	0.187130568
102	0.187134752
102	0.187125521
103	0.187145965
103	0.185670032
103	0.185661978
103	0.185656001
104	0.185652034
104	0.184202808
104	0.184199707
104	0.184199296
105	0.184200236
105	0.182737571
105	0.18274944
105	0.182731651
106	0.182719657
106	0.181219377
106	0.181209404
106	0.181213648
107	0.181234542
107	0.179716113
107	0.179693569
107	0.179678691
108	0.179697627
108	0.178193046
108	0.178182213
108	0.178188255
109	0.178189091
109	0.176720128
109	0.176698926
109	0.176719188
110	0.176714409
110	0.17524048
110	0.175233044
110	0.175239682
111	0.175232056
111	0.173774615
111	0.173758404
111	0.173740661
112	0.173762589
112	0.172298985
112	0.172291747
112	0.172281116
113	0.172293673
113	0.17084355
113	0.170850398
113	0.170852376
114	0.170853205
114	0.169376132
114	0.169374143
114	0.169369822
115	0.169374769
115	0.167928638
115	0.167928046
115	0.167922661
116	0.167930113
116	0.166460191
116	0.16646291
116	0.166467987
117	0.166446363
117	0.164989883
117	0.164992978
117	0.164968032
118	0.16497795
118	0.163462504
118	0.163466065
118	0.163476775
119	0.163465312
119	0.162025173
119	0.162015216
119	0.162016993
120	0.161998508
120	0.160544005
120	0.160529876
120	0.160538993
121	0.160525828
121	0.159076832
121	0.159084105
121	0.159088225
122	0.159089884
122	0.15757586
122	0.157566734
122	0.157556575
123	0.157560751
123	0.155997604
123	0.155993839
123	0.15600297
124	0.155996194
124	0.154470716
124	0.154483439
124	0.154498613
125	0.15449185
125	0.153004391
125	0.15298665
125	0.152985902
126	0.153000476
126	0.151507324
126	0.151527109
126	0.151503752
127	0.151515823
127	0.150055051
127	0.150067467
127	0.150066128
128	0.150070649
128	0.148569752
128	0.148570969
128	0.148576673
129	0.14858221
129	0.147138372
129	0.147133798
129	0.147144134
130	0.147152578
130	0.145702545
130	0.145700445
130	0.145714064
131	0.145704698
131	0.144253409
131	0.144270679
131	0.144257917
132	0.144262102
132	0.142776783
132	0.142804828
132	0.142805824
133	0.142803394
133	0.141310032
133	0.141303399
133	0.141300864
134	0.141321698
134	0.13979018
134	0.139791903
134	0.139791855
135	0.139786377
135	0.138295708
135	0.138274111
135	0.138284727
136	0.138288795
136	0.136806373
136	0.136806627
136	0.136792284
137	0.136796685
137	0.135341462
137	0.135347504
137	0.135341856
138	0.135346318
138	0.133853958
138	0.133840916
138	0.133830004
139	0.133829512
139	0.132304191
139	0.132302975
139	0.132282657
140	0.132294428
140	0.130774974
140	0.13079414
140	0.13078397
141	0.130783175
141	0.129307519
141	0.129308136
141	0.129314863
142	0.129312317
142	0.127847432
142	0.127837512
142	0.127845531
143	0.127848662
143	0.126364257
143	0.126364281
143	0.126366572
144	0.126378028
144	0.124893786
144	0.124907354
144	0.124901896
145	0.124902155
145	0.123438132
145	0.123461785
145	0.123449514
146	0.123466786
146	0.122011117
146	0.122010634
146	0.121999737
147	0.122013003
147	0.120538925
147	0.120538802
147	0.120538846
148	0.120547422
148	0.119068641
148	0.119088005
148	0.11905669
149	0.119071456
149	0.117602111
149	0.117607271
149	0.117604501
150	0.117598194
150	0.116078162
150	0.11609451
150	0.116096756
151	0.116090866
151	0.114631743
151	0.114633974
151	0.114641212
152	0.114632826
152	0.113156575
152	0.113153246
152	0.113160368
153	0.11316464
153	0.111688968
153	0.111683088
153	0.111691414
154	0.111694953
154	0.110161901
154	0.110180133
154	0.110187566
155	0.110191282
155	0.108656567
155	0.108641546
155	0.108660145
156	0.108644973
156	0.107130474
156	0.107133252
156	0.10714836
157	0.107154614
157	0.105681869
157	0.105673931
157	0.105663287
158	0.105667895
158	0.104196161
158	0.104208698
158	0.104201469
159	0.104194068
159	0.102724878
159	0.102734459
159	0.102728848
160	0.10272668
160	0.101259505
160	0.101246108
160	0.101241956
161	0.101242828
161	0.0998008661
161	0.0998001087
161	0.0998042016
162	0.0998099205
162	0.09829757
162	0.0983014985
162	0.098309931
163	0.0983057667
163	0.0968490406
163	0.0968532059
163	0.0968447017
164	0.0968526372
164	0.0954057812
164	0.095408289
164	0.0954285495
165	0.0954173984
165	0.0939346915
165	0.0939319474
165	0.0939325668
166	0.0939285974
166	0.0923921871
166	0.0923941307
166	0.0924108458
167	0.0924107245
167	0.0909401644
167	0.0909487302
167	0.0909386127
168	0.0909456133
168	0.0894812356
168	0.0894761921
168	0.0894717097
169	0.0894773933
169	0.0880166992
169	0.0880115569
169	0.0879999291
170	0.0880136504
170	0.0865058066
170	0.0865094589
170	0.0865086946
171	0.0865071087
171	0.0849638725
171	0.0849662507
171	0.0849577288
172	0.0849627451
172	0.0834463303
172	0.0834469948
172	0.0834627729
173	0.0834727449
173	0.0819963266
173	0.0819991553
173	0.0819936887
174	0.08199332
174	0.0805202261
174	0.0805159632
174	0.0805115401
175	0.0805045572
175	0.0790382895
175	0.0790372665
175	0.0790321518
176	0.0790360833
176	0.0775602598
176	0.0775645301
176	0.0775658956
177	0.077571498
177	0.0761383646
177	0.0761328054
177	0.0761322613
178	0.076136442
178	0.0746985605
178	0.0747038328
178	0.0746989572
179	0.0746829803
179	0.0732514119
179	0.0732472551
179	0.0732482784
180	0.0732591707
180	0.0718001505
180	0.0718030238
180	0.0718057272
181	0.0718033956
181	0.0703508846
181	0.0703408942
181	0.0703481968
182	0.0703472878
182	0.0688275534
182	0.0688401132
182	0.0688372661
183	0.0688331482
183	0.0673750531
183	0.0673740473
183	0.0673765928
184	0.0673739044
184	0.0658949725
184	0.0658874702
184	0.0658946708
185	0.0658903536
185	0.0644319241
185	0.064429913
185	0.0644280692
186	0.0644341848
186	0.0629137938
186	0.0629090436
186	0.0629068509
187	0.0629086354
187	0.0613707563
187	0.0613708806
187	0.0613717294
188	0.0613720356
188	0.0598636406
188	0.0598673666
188	0.0598644344
189	0.0598689998
189	0.0584029738
189	0.0584030368
189	0.0583978347
190	0.0583989115
190	0.0569260846
190	0.0569334107
190	0.0569349821
191	0.0569348571
191	0.0554550385
191	0.0554505389
191	0.055453215
192	0.0554526712
192	0.0539766772
192	0.0539723045
192	0.0539747941
193	0.0539663074
193	0.0525474922
193	0.052544253
193	0.052542873
194	0.0525453022
194	0.0510994367
194	0.0510910086
194	0.0510995898
195	0.0510959812
195	0.0496161209
195	0.0496106194
195	0.0496087183
196	0.0496071336
196	0.0481604114
196	0.0481631323
196	0.0481569194
197	0.0481575214
197	0.0466969634
197	0.0466966115
197	0.0467009084
198	0.0466937292
198	0.0451902794
198	0.0451940442
198	0.045197818
199	0.0451932715
199	0.0437320901
199	0.0437213603
199	0.0437269097
200	0.043728074
200	0.0422685078
200	0.0422690985
200	0.0422700098
201	0.042275433
201	0.0408143804
201	0.0408136138
201	0.0408075335
202	0.0408092381
202	0.0392857134
202	0.0392867128
202	0.0392911548
203	0.0392922435
203	0.0377735794
203	0.0377682978
203	0.0377714152
204	0.0377665616
204	0.0362523884
204	0.0362540267
204	0.0362532597
205	0.0362561935
205	0.0347819623
205	0.0347783581
205	0.0347813879
206	0.034781395
206	0.0333133039
206	0.0333061749
206	0.0333131014
207	0.0333124843
207	0.0318677826
207	0.0318622989
207	0.0318687086
208	0.0318709473
208	0.0303882531
208	0.0303802635
208	0.0303847539
209	0.0303855391
209	0.0289405615
209	0.0289365344
209	0.0289345192
210	0.0289339753
210	0.0274917833
210	0.0274947529
210	0.0274921575
211	0.0274857361
211	0.0260457142
211	0.0260452115
211	0.0260475086
212	0.0260425752
212	0.0245909803
212	0.0245930753
212	0.0245907139
213	0.0245857127
213	0.0231216736
213	0.0231235489
213	0.0231261516
214	0.0231241131
214	0.0216192266
214	0.021622227
214	0.0216247897
215	0.0216236189
215	0.0201606419
215	0.0201637291
215	0.0201588447
216	0.0201609701
216	0.0187084813
216	0.01870457
216	0.018702848
217	0.0187078288
217	0.0172349604
217	0.0172347473
217	0.0172337875
218	0.0172324013
218	0.0157128701
218	0.0157110502
218	0.0157110279
219	0.015709741
219	0.0141509529
219	0.0141528788
219	0.0141539032
220	0.0141517622
220	0.0126291563
220	0.0126257756
220	0.0126336627
221	0.0126326796
221	0.0111648474
221	0.0111678696
221	0.0111722644
222	0.0111699354
222	0.0097143624
222	0.00971283991
222	0.00971006547
223	0.00971335637
223	0.0082521671
223	0.00825353007
223	0.00825284215
224	0.00825389759
224	0.00674395755
224	0.0067468168
224	0.00674870934
225	0.00674655225
225	0.00532621106
225	0.00532320056
225	0.00532825184
226	0.00532514619
226	0.00387142617
226	0.00387680474
226	0.00387465226
227	0.003873626
227	0.00242308059
227	0.00242011515
227	0.00242436036
228	0.0024185899
228	0.000979178355
228	0.000976576984
228	0.000981404392
229	0.000975690476
229	-0.000485011723
229	-0.000479179438
229	-0.000479730603
230	-0.000477759923
230	-0.00198396888
230	-0.00198701983
230	-0.00198610413
231	-0.0019866399
231	-0.00343627258
231	-0.00343406401
231	-0.00343567361
232	-0.00343343585
232	-0.00488062207
232	-0.00488217857
232	-0.00488355718
233	-0.00488298096
233	-0.00633425196
233	-0.00632912299
233	-0.00632973599
234	-0.00633162507
234	-0.00782592144
234	-0.00782986579
234	-0.00782463707
235	-0.00782706284
235	-0.00933415369
235	-0.00933397326
235	-0.00933339359
236	-0.00933217611
236	-0.0108429212
236	-0.0108445715
236	-0.0108456506
237	-0.0108464077
237	-0.0123315529
237	-0.01233416
237	-0.0123362899
238	-0.0123378363
238	-0.0137817102
238	-0.0137823005
238	-0.0137867461
239	-0.0137819667
239	-0.015227977
239	-0.0152289962
239	-0.0152310457
240	-0.0152312583
240	-0.0167050958
240	-0.0167093978
240	-0.0167120426
241	-0.0167102059
241	-0.0181368732
241	-0.018136705
241	-0.0181390551
242	-0.0181401524
242	-0.0195748135
242	-0.0195711796
242	-0.0195653064
243	-0.0195625228
243	-0.0209932338
243	-0.0209958121
243	-0.0209925578
244	-0.0209926481
244	-0.0224284719
244	-0.0224334899
244	-0.0224284628
245	-0.0224259119
245	-0.023888348
245	-0.0238874824
245	-0.0238875238
246	-0.0238858367
246	-0.0253751804
246	-0.0253782651
246	-0.0253780739
247	-0.0253718281
247	-0.0268185548
247	-0.0268187669
247	-0.0268193158
248	-0.0268190289
248	-0.0282662263
248	-0.028264827
248	-0.0282619184
249	-0.0282596179
249	-0.029696367
249	-0.0296950815
249	-0.0296966104
250	-0.0297009149
250	-0.0311680375
250	-0.0311696236
250	-0.0311636334
251	-0.031163464
251	-0.0326515129
251	-0.0326507802
251	-0.0326544078
252	-0.0326518349
252	-0.0341244701
252	-0.0341177867
252	-0.0341169882
253	-0.0341198091
253	-0.0355455234
253	-0.0355407576
253	-0.0355393684
254	-0.0355386577
254	-0.036963746
254	-0.0369638032
254	-0.0369620575
255	-0.0369646224
255	-0.0383768228
255	-0.0383748434
255	-0.0383772521
