DAC	thr_voltage
1	0.339304877
1	0.337895614
1	0.337893153
1	0.337852966
2	0.337905508
2	0.336382115
2	0.33642422
2	0.336400756
3	0.336371267
3	0.334903657
3	0.334913629
3	0.334938463
4	0.334909677
4	0.333456394
4	0.333488131
4	0.333470151
5	0.333462156
5	0.331977737
5	0.332007353
5	0.331981974
6	0.331970367
6	0.330477709
6	0.330460014
6	0.330454679
7	0.330507418
7	0.329009733
7	0.328986736
7	0.328990364
8	0.328980772
8	0.327525967
8	0.327537613
8	0.327511363
9	0.327515806
9	0.326060073
9	0.326034868
9	0.326045088
10	0.326058395
10	0.324515853
10	0.324539426
10	0.324538893
11	0.324542508
11	0.323017444
11	0.323045112
11	0.323033382
12	0.323025106
12	0.321558005
12	0.32151631
12	0.32149577
13	0.321489329
13	0.320019099
13	0.320013184
13	0.320033589
14	0.320006363
14	0.318535767
14	0.318528748
14	0.318597076
15	0.318573437
15	0.317105183
15	0.317081181
15	0.317087015
16	0.317079467
16	0.315605073
16	0.315618479
16	0.315611783
17	0.315610246
17	0.314161719
17	0.314141376
17	0.314165888
18	0.31415437
18	0.312710269
18	0.312751126
18	0.312717495
19	0.312727603
19	0.311277656
19	0.311251653
19	0.311274888
20	0.311280447
20	0.309799831
20	0.309810072
20	0.309797053
21	0.309780442
21	0.308297478
21	0.308321658
21	0.308331359
22	0.308293729
22	0.306760316
22	0.306733976
22	0.306729054
23	0.306743328
23	0.305252915
23	0.305295771
23	0.305228514
24	0.305300091
24	0.303803688
24	0.303780903
24	0.3037841
25	0.303767493
25	0.302324922
25	0.302325212
25	0.302319503
26	0.302333924
26	0.300847531
26	0.3008122
26	0.300772972
27	0.300785154
27	0.299249824
27	0.299259867
27	0.299282077
28	0.299307117
28	0.297761963
28	0.297775393
28	0.297789307
29	0.297768139
29	0.296340709
29	0.296322305
29	0.296291816
30	0.296278594
30	0.294784195
30	0.294763485
30	0.294807922
31	0.294805965
31	0.293313255
31	0.293315732
31	0.293319061
32	0.293322743
32	0.291843069
32	0.291845789
32	0.291825068
33	0.291812702
33	0.290377143
33	0.29036098
33	0.290377729
34	0.290365595
34	0.288920437
34	0.288930144
34	0.288915776
35	0.288943518
35	0.287482636
35	0.287505762
35	0.287475162
36	0.287468012
36	0.286001295
36	0.286002137
36	0.286050303
37	0.286049447
37	0.284590422
37	0.28461372
37	0.284588924
38	0.284571266
38	0.283070374
38	0.283085545
38	0.283086946
39	0.28311519
39	0.281634218
39	0.28164547
39	0.281636628
40	0.281679187
40	0.2801823
40	0.280161404
40	0.280184514
41	0.280184868
41	0.278733766
41	0.278733306
41	0.278712376
42	0.27873093
42	0.277192887
42	0.277198851
42	0.277192387
43	0.277187037
43	0.275647382
43	0.27566098
43	0.275662631
44	0.275703076
44	0.274157652
44	0.274128456
44	0.274116554
45	0.274088525
45	0.272631715
45	0.272655555
45	0.272671396
46	0.272658613
46	0.271221791
46	0.27119221
46	0.271181671
47	0.271197173
47	0.269748612
47	0.269735172
47	0.269733671
48	0.269720625
48	0.268209769
48	0.268224379
48	0.268229442
49	0.268231841
49	0.266796201
49	0.266788117
49	0.266795324
50	0.266788419
50	0.265361077
50	0.265334985
50	0.265329968
51	0.265367912
51	0.263884391
51	0.263904196
51	0.263921902
52	0.263906926
52	0.262425003
52	0.262446064
52	0.262438074
53	0.262431223
53	0.260983294
53	0.260982707
53	0.260972288
54	0.260956076
54	0.259445249
54	0.259464335
54	0.259441028
55	0.259442245
55	0.257975569
55	0.257967743
55	0.257993593
56	0.257974654
56	0.256501608
56	0.256512526
56	0.256503625
57	0.256507477
57	0.254989691
57	0.255006683
57	0.254995233
58	0.255001368
58	0.253505291
58	0.253505676
58	0.253479302
59	0.253482618
59	0.251922793
59	0.251928179
59	0.251948212
60	0.251932073
60	0.250442518
60	0.250466093
60	0.250448098
61	0.250442736
61	0.248981253
61	0.248969797
61	0.248968504
62	0.24897869
62	0.247496618
62	0.247457272
62	0.247480077
63	0.247504591
63	0.246026347
63	0.246026876
63	0.246041116
64	0.24600926
64	0.244533972
64	0.244565356
64	0.244539048
65	0.244527041
65	0.243116974
65	0.243120324
65	0.243103101
66	0.243115835
66	0.241647852
66	0.24163087
66	0.241659133
67	0.241627894
67	0.240188357
67	0.240167818
67	0.240160408
68	0.24018916
68	0.238764846
68	0.238764562
68	0.238744065
69	0.238751671
69	0.237257099
69	0.237211038
69	0.237251804
70	0.237248741
70	0.235701999
70	0.235708894
70	0.235704154
71	0.235710871
71	0.234251058
71	0.234286344
71	0.234269089
72	0.234245548
72	0.232795989
72	0.232803913
72	0.232770955
73	0.232775446
73	0.231323443
73	0.231330495
73	0.231338504
74	0.231313767
74	0.229769036
74	0.229808421
74	0.229807578
75	0.229807351
75	0.228239089
75	0.228219508
75	0.228252382
76	0.228263324
76	0.226737136
76	0.226731012
76	0.226736447
77	0.226752213
77	0.225283627
77	0.225279977
77	0.225290552
78	0.225278636
78	0.22382091
78	0.22380108
78	0.223837078
79	0.223852985
79	0.222356592
79	0.222361041
79	0.22234804
80	0.222355824
80	0.220880103
80	0.2208727
80	0.220844241
81	0.220853745
81	0.219407221
81	0.219403386
81	0.219408077
82	0.219439713
82	0.217961316
82	0.217958812
82	0.217953443
83	0.217965371
83	0.216511961
83	0.216518297
83	0.216502998
84	0.216503987
84	0.215050215
84	0.215051966
84	0.215028994
85	0.215022742
85	0.213518174
85	0.213543609
85	0.213546266
86	0.213549035
86	0.212031064
86	0.212042705
86	0.212040825
87	0.212032388
87	0.210576859
87	0.2105747
87	0.210585159
88	0.210561446
88	0.209096974
88	0.209084851
88	0.209088947
89	0.209069041
89	0.207586221
89	0.207585358
89	0.207588694
90	0.207597814
90	0.20609147
90	0.206094024
90	0.206077274
91	0.206062432
91	0.204558557
91	0.204538273
91	0.204534828
92	0.204527308
92	0.203064108
92	0.203080772
92	0.203056133
93	0.203043824
93	0.201565931
93	0.201565913
93	0.201570251
94	0.201565951
94	0.200110599
94	0.200087562
94	0.200100124
95	0.200061536
95	0.198629739
95	0.198617762
95	0.198636701
96	0.198647671
96	0.19718899
96	0.197174653
96	0.19718615
97	0.197193948
97	0.195736937
97	0.19572329
97	0.195727756
98	0.195719691
98	0.194285047
98	0.194298094
98	0.194307856
99	0.194296589
99	0.192835341
99	0.192858237
99	0.19284606
100	0.192854178
100	0.191403481
100	0.191397918
100	0.191407741
101	0.191399143
101	0.189926628
101	0.189925992
101	0.189915872
102	0.189937954
102	0.188401461
102	0.188405734
102	0.188404161
103	0.188387066
103	0.186917754
103	0.186924004
103	0.18692861
104	0.186947105
104	0.185475849
104	0.185462332
104	0.185469878
105	0.185447142
105	0.184000168
105	0.183996214
105	0.184017704
106	0.184035932
106	0.18249404
106	0.182527516
106	0.182524565
107	0.182513088
107	0.180970491
107	0.181005685
107	0.181001724
108	0.180985536
108	0.17947609
108	0.179461264
108	0.179447064
109	0.179452205
109	0.177984018
109	0.177995621
109	0.178004601
110	0.177984621
110	0.176510438
110	0.176510587
110	0.176497635
111	0.176512141
111	0.175023333
111	0.175032677
111	0.175030203
112	0.17501387
112	0.173550846
112	0.173559008
112	0.173555214
113	0.173556112
113	0.172083235
113	0.172098653
113	0.172084266
114	0.172094238
114	0.170636892
114	0.170659461
114	0.170658734
115	0.170633501
115	0.169189531
115	0.169209653
115	0.169196803
116	0.169185043
116	0.167730868
116	0.167747014
116	0.167749481
117	0.167751867
117	0.166282052
117	0.166285359
117	0.166291606
118	0.166282899
118	0.164744801
118	0.164770828
118	0.164776568
119	0.164747231
119	0.163294687
119	0.163309752
119	0.163305394
120	0.163309104
120	0.161838115
120	0.161828812
120	0.161828036
121	0.161842282
121	0.160371504
121	0.16035269
121	0.160354224
122	0.160349183
122	0.158828997
122	0.158833212
122	0.158817362
123	0.158826709
123	0.15730558
123	0.157314166
123	0.157308487
124	0.157296665
124	0.155770529
124	0.15577794
124	0.155769631
125	0.155762423
125	0.154285645
125	0.154277434
125	0.15429624
126	0.154303635
126	0.152813849
126	0.152814386
126	0.15282957
127	0.152817493
127	0.151334155
127	0.15132719
127	0.15132691
128	0.151338907
128	0.14985331
128	0.149844922
128	0.149850588
129	0.149870063
129	0.14837502
129	0.148376394
129	0.148381912
130	0.148390869
130	0.146941555
130	0.146939237
130	0.146930172
131	0.146933054
131	0.145496597
131	0.145491242
131	0.145506495
132	0.145493711
132	0.144048023
132	0.144047455
132	0.144039299
133	0.144046821
133	0.142569543
133	0.142560604
133	0.142567462
134	0.14256543
134	0.141030217
134	0.141040787
134	0.141047309
135	0.141048302
135	0.139562484
135	0.13956415
135	0.13957044
136	0.139566346
136	0.138104701
136	0.138092009
136	0.138116269
137	0.138088187
137	0.136636944
137	0.136642949
137	0.136645319
138	0.136658647
138	0.135143353
138	0.135149732
138	0.135147156
139	0.135165226
139	0.133593558
139	0.133585959
139	0.13360106
140	0.133586815
140	0.132079234
140	0.132089282
140	0.13208993
141	0.132088935
141	0.130619197
141	0.130607673
141	0.130608435
142	0.130596778
142	0.129136967
142	0.129152788
142	0.12914534
143	0.129137383
143	0.127673256
143	0.127666269
143	0.127658364
144	0.127666849
144	0.126192041
144	0.126180875
144	0.126171534
145	0.126182474
145	0.124755583
145	0.124756093
145	0.124759511
146	0.124756523
146	0.123304302
146	0.123309768
146	0.123313909
147	0.123319428
147	0.121829462
147	0.121834459
147	0.121830943
148	0.121836994
148	0.120362217
148	0.120381523
148	0.120386198
149	0.120405521
149	0.118896485
149	0.118885569
149	0.118888869
150	0.118891341
150	0.117378342
150	0.11738271
150	0.117376969
151	0.117394909
151	0.115930548
151	0.115931488
151	0.11592977
152	0.115920728
152	0.114464871
152	0.114461411
152	0.114460101
153	0.114468054
153	0.113017474
153	0.11301837
153	0.113006644
154	0.112997477
154	0.111491237
154	0.111482413
154	0.111487091
155	0.111478704
155	0.109950209
155	0.10993767
155	0.109936196
156	0.109932403
156	0.108418738
156	0.108417391
156	0.108419831
157	0.108426184
157	0.106960832
157	0.106961239
157	0.106949417
158	0.106944789
158	0.105494234
158	0.105488452
158	0.105495597
159	0.105496764
159	0.104033224
159	0.104020511
159	0.10403978
160	0.104039049
160	0.102556392
160	0.102550594
160	0.102557329
161	0.10254172
161	0.101093383
161	0.10109462
161	0.10108987
162	0.101094285
162	0.0995973591
162	0.0995952627
162	0.0995943038
163	0.0996056321
163	0.0981503936
163	0.0981633352
163	0.0981641431
164	0.0981630826
164	0.0967122447
164	0.0967169977
164	0.0967239373
165	0.0967024302
165	0.0952403938
165	0.0952346264
165	0.0952182753
166	0.0952275292
166	0.0936971714
166	0.093705394
166	0.0937071464
167	0.0936919171
167	0.0922411995
167	0.0922370372
167	0.0922251989
168	0.0922348958
168	0.0907812805
168	0.0907744806
168	0.0907615004
169	0.0907708035
169	0.0893164874
169	0.0893088247
169	0.0893104696
170	0.0893055184
170	0.0877848436
170	0.0878014995
170	0.087801662
171	0.0878056017
171	0.0862549983
171	0.08625385
171	0.0862558503
172	0.0862541194
172	0.0847499792
172	0.0847533712
172	0.0847581108
173	0.0847554065
173	0.0832834917
173	0.0832758659
173	0.0832728304
174	0.0832796797
174	0.081800835
174	0.081797217
174	0.0817963431
175	0.0818094403
175	0.0803371061
175	0.0803375226
175	0.0803314621
176	0.0803514401
176	0.0788654178
176	0.0788657288
176	0.0788607724
177	0.0788512033
177	0.0774241904
177	0.0774165741
177	0.0774272271
178	0.0774205387
178	0.0759827849
178	0.0759819194
178	0.0759799942
179	0.0759773528
179	0.0745367727
179	0.0745329934
179	0.0745409837
180	0.0745383092
180	0.073090446
180	0.0730889603
180	0.0730885514
181	0.0730840456
181	0.0716253802
181	0.0716258944
181	0.0716335395
182	0.0716370473
182	0.0701210812
182	0.0701205533
182	0.0701191928
183	0.0701278375
183	0.0686580819
183	0.0686628075
183	0.0686637494
184	0.0686609649
184	0.0671709217
184	0.0671663308
184	0.0671814341
185	0.067184383
185	0.0657189209
185	0.0657113345
185	0.0657144603
186	0.0657125522
186	0.0641952512
186	0.0641970768
186	0.0641950953
187	0.0641958131
187	0.0626570597
187	0.0626457357
187	0.0626605613
188	0.0626541804
188	0.0611411639
188	0.0611390468
188	0.0611358973
189	0.0611355394
189	0.0596660344
189	0.059659537
189	0.059657647
190	0.0596725195
190	0.058222158
190	0.0582192557
190	0.0582126705
191	0.0582113038
191	0.0567358567
191	0.056744756
191	0.0567322734
192	0.056736246
192	0.0552622633
192	0.0552663329
192	0.0552623543
193	0.0552668703
193	0.0538304975
193	0.0538238081
193	0.0538228711
194	0.0538249424
194	0.0523699337
194	0.0523718026
194	0.0523698979
195	0.052371079
195	0.0508920999
195	0.0508912394
195	0.0508990322
196	0.050895588
196	0.0494394958
196	0.0494454362
196	0.0494459303
197	0.0494391561
197	0.0479761581
197	0.0479841594
197	0.0479793683
198	0.0479761983
198	0.046475242
198	0.0464714112
198	0.046469561
199	0.0464708442
199	0.0450074055
199	0.0450182142
199	0.0450171081
200	0.0450178195
200	0.0435587219
200	0.0435620011
200	0.0435542866
201	0.0435507443
201	0.042099144
201	0.042099417
201	0.0420982202
202	0.0420959721
202	0.0405786266
202	0.0405857141
202	0.0405859648
203	0.0405812452
203	0.0390586393
203	0.0390614843
203	0.0390657968
204	0.0390680355
204	0.0375461862
204	0.037547457
204	0.0375521537
205	0.0375496035
205	0.0360756266
205	0.0360721828
205	0.0360722557
206	0.0360759929
206	0.0346100233
206	0.0346095976
206	0.0346127416
207	0.0346114718
207	0.0331576443
207	0.0331604509
207	0.0331661471
208	0.0331649414
208	0.0316817433
208	0.0316790868
208	0.0316781488
209	0.0316749471
209	0.0302288548
209	0.030226973
209	0.0302267609
210	0.0302296365
210	0.0287827496
210	0.0287832902
210	0.0287852416
211	0.0287890053
211	0.0273481544
211	0.0273514409
211	0.0273484718
212	0.0273442891
212	0.0258946174
212	0.0258902178
212	0.0258918538
213	0.0258962031
213	0.0244338883
213	0.0244305231
213	0.0244264712
214	0.0244242357
214	0.022918733
214	0.0229208852
214	0.0229213157
215	0.0229251636
215	0.0214594169
215	0.0214636451
215	0.0214599887
216	0.0214559819
216	0.020005954
216	0.0200070228
216	0.0200031747
217	0.0200075489
217	0.0185360748
217	0.0185337288
217	0.0185349632
218	0.0185386185
218	0.0170171834
218	0.017013072
218	0.0170150845
219	0.0170142391
219	0.0154499789
219	0.0154459626
219	0.0154518464
220	0.0154513341
220	0.0139386749
220	0.0139393562
220	0.0139404879
221	0.0139385212
221	0.0124692124
221	0.0124708089
221	0.0124686523
222	0.0124703021
222	0.011008655
222	0.0110045842
222	0.0110041687
223	0.0110098178
223	0.00955674703
223	0.00955984394
223	0.00955694263
224	0.00955158267
224	0.00804655438
224	0.00803779066
224	0.00804436121
225	0.00804653668
225	0.00661903286
225	0.00662306685
225	0.00661916961
226	0.00661974353
226	0.00517085459
226	0.00516980145
226	0.00517160297
227	0.00516992809
227	0.00372309856
227	0.00372190958
227	0.0037191503
228	0.0037207376
228	0.00227981736
228	0.0022779331
228	0.00227802757
229	0.00227436569
229	0.000814481504
229	0.000813720951
229	0.000814215575
230	0.000808784826
230	-0.000694489035
230	-0.000693192716
230	-0.000690898186
231	-0.000692914605
231	-0.00213805454
231	-0.00213814716
231	-0.00214046491
232	-0.00213908791
232	-0.00359501257
232	-0.00359389714
232	-0.00359027411
233	-0.00358808922
233	-0.00503960316
233	-0.00503896282
233	-0.00504071055
234	-0.0050390566
234	-0.00653609271
234	-0.00652870185
234	-0.00653651125
235	-0.00653689992
235	-0.00804260159
235	-0.00803926794
235	-0.00803884387
236	-0.00803625399
236	-0.00954316188
236	-0.00954719012
236	-0.00953950369
237	-0.00954645072
237	-0.0110350389
237	-0.011029282
237	-0.0110303096
238	-0.0110350265
238	-0.0124800037
238	-0.0124825871
238	-0.0124803886
239	-0.0124858182
239	-0.0139296659
239	-0.013928043
239	-0.0139290084
240	-0.0139282106
240	-0.0154104842
240	-0.0154128624
240	-0.0154105514
241	-0.0154081357
241	-0.0168371612
241	-0.0168402577
241	-0.0168345272
242	-0.0168343482
242	-0.0182684811
242	-0.0182657986
242	-0.0182682721
243	-0.0182693076
243	-0.0196991879
243	-0.019698742
243	-0.0196968058
244	-0.0196925378
244	-0.0211317061
244	-0.0211333261
244	-0.0211287632
245	-0.0211315965
245	-0.0225938144
245	-0.0225911475
245	-0.0225874018
246	-0.0225871315
246	-0.0240770693
246	-0.0240799731
246	-0.0240819047
247	-0.0240853296
247	-0.0255231448
247	-0.0255203802
247	-0.0255265076
248	-0.0255274096
248	-0.0269785272
248	-0.0269728029
248	-0.02697441
249	-0.0269766981
249	-0.0284096086
249	-0.0284130055
249	-0.0284139752
250	-0.0284123863
250	-0.029883598
250	-0.0298833359
250	-0.0298858592
251	-0.029883529
251	-0.0313696468
251	-0.0313745902
251	-0.0313717229
252	-0.0313676621
252	-0.0328372391
252	-0.0328397681
252	-0.0328335986
253	-0.0328317095
253	-0.0342564107
253	-0.034256467
253	-0.0342602902
254	-0.0342591088
254	-0.0356800746
254	-0.0356897492
254	-0.0356867854
255	-0.0356815143
255	-0.0370948307
255	-0.037098356
255	-0.0370960137
