DAC	thr_voltage
1	0.330744884
1	0.329344927
1	0.329323925
1	0.329309299
2	0.329380111
2	0.327934537
2	0.327931404
2	0.327929101
3	0.32798489
3	0.326524291
3	0.326501236
3	0.326504474
4	0.326483764
4	0.325120996
4	0.325088947
4	0.325082067
5	0.32502292
5	0.323593594
5	0.32354688
5	0.323613988
6	0.323598653
6	0.322115002
6	0.322097584
6	0.322035552
7	0.322070582
7	0.320625881
7	0.320629251
7	0.32057392
8	0.320569039
8	0.319141976
8	0.319170381
8	0.319145913
9	0.319144358
9	0.317683879
9	0.317677292
9	0.317695945
10	0.31767217
10	0.316179399
10	0.316206688
10	0.316188056
11	0.316169309
11	0.314702559
11	0.31470014
11	0.314709947
12	0.314711878
12	0.313209032
12	0.313224396
12	0.313250244
13	0.313220067
13	0.311778133
13	0.311776172
13	0.311753339
14	0.311725892
14	0.310292863
14	0.310298429
14	0.31027613
15	0.310273332
15	0.308836097
15	0.308814978
15	0.308849762
16	0.3088226
16	0.307357514
16	0.307394266
16	0.307360766
17	0.307374765
17	0.30589077
17	0.305938049
17	0.305937819
18	0.305952624
18	0.304535583
18	0.30448742
18	0.304521574
19	0.304504973
19	0.303092969
19	0.303097368
19	0.303123688
20	0.303135667
20	0.301706402
20	0.301698274
20	0.301659266
21	0.301674525
21	0.300172664
21	0.300137752
21	0.300125299
22	0.30017205
22	0.298627103
22	0.298558749
22	0.29856997
23	0.298572487
23	0.297121706
23	0.29715953
23	0.297135242
24	0.297106635
24	0.295694893
24	0.295657481
24	0.295701897
25	0.295722396
25	0.294292309
25	0.294298254
25	0.294261407
26	0.294301791
26	0.292773428
26	0.292763864
26	0.292765459
27	0.292801977
27	0.291284573
27	0.291262423
27	0.291282772
28	0.291332038
28	0.289822994
28	0.28983509
28	0.289816056
29	0.289726221
29	0.288334881
29	0.28836367
29	0.288403363
30	0.288399607
30	0.286907737
30	0.286928021
30	0.286939463
31	0.286925076
31	0.285451933
31	0.285436423
31	0.285473373
32	0.285476497
32	0.283997187
32	0.28394375
32	0.283911355
33	0.283905506
33	0.282533952
33	0.282578051
33	0.282564289
34	0.28254437
34	0.281174559
34	0.281137872
34	0.281148871
35	0.281155629
35	0.279735978
35	0.27970314
35	0.279758365
36	0.279758936
36	0.278322909
36	0.278334219
36	0.278350824
37	0.278339667
37	0.276888275
37	0.276898671
37	0.276844632
38	0.276874953
38	0.27538886
38	0.275408327
38	0.27541153
39	0.275442917
39	0.273997613
39	0.273996219
39	0.2739625
40	0.273971955
40	0.272517865
40	0.272538448
40	0.272513844
41	0.2725262
41	0.271070768
41	0.271076207
41	0.271092163
42	0.27107915
42	0.26958582
42	0.269546944
42	0.269556838
43	0.269522533
43	0.268037731
43	0.26803211
43	0.268029391
44	0.268054139
44	0.26653464
44	0.266485992
44	0.266506549
45	0.266512398
45	0.265057765
45	0.265051576
45	0.265078008
46	0.265070866
46	0.263628792
46	0.26364603
46	0.263625219
47	0.263620128
47	0.2622151
47	0.262214182
47	0.262219151
48	0.262200246
48	0.260752021
48	0.260721495
48	0.260714788
49	0.260744717
49	0.259307752
49	0.259296418
49	0.259328793
50	0.259339786
50	0.257888042
50	0.257883536
50	0.257877875
51	0.257875311
51	0.25647968
51	0.256451356
51	0.256452914
52	0.256474777
52	0.255052932
52	0.255063724
52	0.255052071
53	0.25504849
53	0.253618283
53	0.253610264
53	0.253594823
54	0.253612757
54	0.252083531
54	0.252135638
54	0.252140688
55	0.252120389
55	0.2507133
55	0.250695319
55	0.250704883
56	0.250683364
56	0.249225135
56	0.249247439
56	0.249236989
57	0.249259091
57	0.247768653
57	0.247763129
57	0.247773214
58	0.247728824
58	0.246211976
58	0.246227842
58	0.246221708
59	0.246239973
59	0.244696711
59	0.244689773
59	0.244673164
60	0.244697942
60	0.243129481
60	0.24314112
60	0.243154841
61	0.243150976
61	0.241742533
61	0.241736029
61	0.241704769
62	0.241716221
62	0.240253529
62	0.240233593
62	0.240249668
63	0.240238249
63	0.238835036
63	0.23882959
63	0.238833072
64	0.238839235
64	0.237361118
64	0.237370608
64	0.237354163
65	0.237330982
65	0.235924188
65	0.235939174
65	0.235931539
66	0.23592711
66	0.234510299
66	0.234507377
66	0.234530935
67	0.234530807
67	0.233101015
67	0.233127719
67	0.233148128
68	0.233154384
68	0.231740536
68	0.231726144
68	0.231734901
69	0.231723221
69	0.230239546
69	0.230264899
69	0.230273421
70	0.230270653
70	0.228689775
70	0.228687242
70	0.228704153
71	0.228725821
71	0.227289683
71	0.227280006
71	0.227294378
72	0.227288827
72	0.225823957
72	0.225830787
72	0.22582028
73	0.225811494
73	0.224376056
73	0.224397464
73	0.224402298
74	0.224404467
74	0.222932729
74	0.222900943
74	0.222888988
75	0.222884549
75	0.221369769
75	0.22138324
75	0.221374234
76	0.221362116
76	0.219846859
76	0.219855788
76	0.219845436
77	0.21985583
77	0.218409621
77	0.218383587
77	0.218398295
78	0.218400544
78	0.21693437
78	0.216958677
78	0.217007724
79	0.216968749
79	0.215521049
79	0.215523894
79	0.215501617
80	0.215527368
80	0.214072846
80	0.214055202
80	0.214047401
81	0.21404301
81	0.212636904
81	0.21267584
81	0.212659182
82	0.21265597
82	0.211239384
82	0.211235022
82	0.211233246
83	0.211255861
83	0.209830057
83	0.209831174
83	0.209863134
84	0.20983894
84	0.208399289
84	0.208435245
84	0.208415764
85	0.208413548
85	0.206927769
85	0.206918179
85	0.206928798
86	0.206907144
86	0.205367282
86	0.205349045
86	0.205355804
87	0.20534761
87	0.203906837
87	0.20389411
87	0.203911395
88	0.203900522
88	0.202459414
88	0.202451305
88	0.202452807
89	0.202444648
89	0.200972442
89	0.200985832
89	0.201001828
90	0.200989574
90	0.199538488
90	0.199532924
90	0.199546291
91	0.199536228
91	0.198027342
91	0.198034835
91	0.198044014
92	0.198022485
92	0.196525554
92	0.196529486
92	0.196512681
93	0.196527334
93	0.195075137
93	0.195087563
93	0.195072102
94	0.195078632
94	0.193657202
94	0.193657784
94	0.193657266
95	0.193665455
95	0.192203285
95	0.192238285
95	0.19220969
96	0.192207267
96	0.190780621
96	0.190777297
96	0.190785474
97	0.190788327
97	0.189380025
97	0.189385871
97	0.189382799
98	0.189354459
98	0.187972183
98	0.187951178
98	0.187959726
99	0.187985091
99	0.186554382
99	0.186553211
99	0.186569659
100	0.186572499
100	0.185113966
100	0.185119678
100	0.185117523
101	0.185127607
101	0.183691458
101	0.18366371
101	0.183667457
102	0.183624602
102	0.182134844
102	0.1821262
102	0.182153488
103	0.182136878
103	0.18066852
103	0.180692074
103	0.180699871
104	0.180705862
104	0.179254201
104	0.179245334
104	0.179213627
105	0.179250162
105	0.177809008
105	0.177827004
105	0.177835686
106	0.177825527
106	0.176306338
106	0.17632223
106	0.176309398
107	0.176308449
107	0.174786423
107	0.174804552
107	0.174813433
108	0.174805488
108	0.173297564
108	0.17331725
108	0.173311042
109	0.173300463
109	0.171871673
109	0.171863682
109	0.171878604
110	0.171883578
110	0.170445419
110	0.170443771
110	0.170408812
111	0.170417323
111	0.169025818
111	0.169011385
111	0.169008544
112	0.169019801
112	0.167559431
112	0.167549046
112	0.167577265
113	0.167562829
113	0.166125883
113	0.166108453
113	0.166127103
114	0.166123722
114	0.164723914
114	0.16468986
114	0.164699525
115	0.164704141
115	0.163307526
115	0.163320292
115	0.163317356
116	0.163307907
116	0.161879342
116	0.161862348
116	0.161857531
117	0.161851262
117	0.160412067
117	0.160405787
117	0.160399981
118	0.160422432
118	0.158923712
118	0.158896763
118	0.158914551
119	0.158913817
119	0.157501274
119	0.157520367
119	0.157521799
120	0.157531107
120	0.156068621
120	0.156073527
120	0.156069363
121	0.156061587
121	0.15465435
121	0.154656377
121	0.154660915
122	0.154638052
122	0.153118476
122	0.153142255
122	0.153127384
123	0.153119707
123	0.151576741
123	0.151590697
123	0.151590789
124	0.151583008
124	0.150049052
124	0.150044549
124	0.150068998
125	0.150067874
125	0.148596852
125	0.148591047
125	0.148557673
126	0.148568749
126	0.147140795
126	0.147137245
126	0.147141301
127	0.147132728
127	0.145704177
127	0.145694881
127	0.145703729
128	0.145687915
128	0.144232986
128	0.144217318
128	0.144216379
129	0.144249821
129	0.142807561
129	0.142822334
129	0.142808029
130	0.142829234
130	0.141419536
130	0.141434477
130	0.141417668
131	0.14140582
131	0.140018422
131	0.140013369
131	0.140020451
132	0.140017362
132	0.138572136
132	0.138572947
132	0.138558491
133	0.138556943
133	0.137097831
133	0.137113039
133	0.137107128
134	0.137105641
134	0.135592552
134	0.135585453
134	0.135591563
135	0.135584187
135	0.134082881
135	0.134092951
135	0.134091264
136	0.134095761
136	0.132645352
136	0.132659936
136	0.13266502
137	0.132660037
137	0.131225722
137	0.131216264
137	0.131202311
138	0.131203158
138	0.129701102
138	0.129713895
138	0.129739392
139	0.129718178
139	0.128169332
139	0.128188352
139	0.128189791
140	0.128192733
140	0.12668793
140	0.126691235
140	0.126700602
141	0.126702034
141	0.125244367
141	0.125234369
141	0.125246185
142	0.125271222
142	0.123815873
142	0.123814736
142	0.123823933
143	0.123820593
143	0.122367075
143	0.12235748
143	0.12236123
144	0.122362311
144	0.120916215
144	0.120912468
144	0.120902706
145	0.12090952
145	0.119497144
145	0.119485244
145	0.119482944
146	0.1194934
146	0.11808016
146	0.118079477
146	0.118084684
147	0.118074165
147	0.116623627
147	0.116635137
147	0.116637498
148	0.116629668
148	0.115181117
148	0.11519144
148	0.11520411
149	0.11519191
149	0.113713512
149	0.113700721
149	0.11371735
150	0.113712174
150	0.112205676
150	0.112213645
150	0.112223065
151	0.112216576
151	0.110765673
151	0.11077305
151	0.110790447
152	0.110794632
152	0.109344676
152	0.109346985
152	0.109340876
153	0.109347937
153	0.107924367
153	0.107918044
153	0.107926196
154	0.107916933
154	0.10644167
154	0.106442034
154	0.106430956
155	0.106427569
155	0.104884283
155	0.104887917
155	0.10486884
156	0.104889715
156	0.10339029
156	0.103380602
156	0.103376051
157	0.103377899
157	0.101924278
157	0.101929187
157	0.101921229
158	0.101931716
158	0.100490535
158	0.100488766
158	0.100492738
159	0.100503444
159	0.0990533475
159	0.0990530041
159	0.0990520128
160	0.0990436575
160	0.0975947322
160	0.0975984908
160	0.0975929824
161	0.0975792731
161	0.0961774129
161	0.0961737811
161	0.0961669639
162	0.0961697388
162	0.0946478103
162	0.0946527657
162	0.0946522881
163	0.094663014
163	0.0932256364
163	0.0932233729
163	0.0932304466
164	0.0932172336
164	0.0918181388
164	0.091819708
164	0.0918174757
165	0.091812219
165	0.0903598869
165	0.0903679176
165	0.0903746778
166	0.0903654749
166	0.0888547441
166	0.0888594441
166	0.088861721
167	0.0888487267
167	0.0874156301
167	0.0874239316
167	0.0874131487
168	0.087406189
168	0.0859667962
168	0.0859691556
168	0.085982244
169	0.0859836134
169	0.0845418533
169	0.0845415963
169	0.0845416616
170	0.084530596
170	0.0830493944
170	0.0830594213
170	0.0830514703
171	0.0830419139
171	0.0814921591
171	0.0814945079
171	0.0814987609
172	0.0814929468
172	0.0799889555
172	0.0799899303
172	0.0799878789
173	0.0799912907
173	0.078527429
173	0.078535608
173	0.0785311989
174	0.0785267868
174	0.0770797821
174	0.0770739855
174	0.0770744511
175	0.0770616247
175	0.0756263006
175	0.0756331895
175	0.0756370819
176	0.0756332964
176	0.0741671172
176	0.0741666906
176	0.0741736588
177	0.0741659
177	0.0727725376
177	0.0727720609
177	0.0727820152
178	0.0727691315
178	0.0713720234
178	0.0713745404
178	0.0713727495
179	0.0713762043
179	0.0699755602
179	0.0699747512
179	0.0699702078
180	0.069970716
180	0.0685449268
180	0.068553549
180	0.0685501006
181	0.0685484733
181	0.0671472834
181	0.0671449342
181	0.067143742
182	0.067147445
182	0.0656333154
182	0.0656445694
182	0.0656403274
183	0.0656372046
183	0.0642091248
183	0.0642120394
183	0.0642059727
184	0.0641969922
184	0.0627264362
184	0.0627336673
184	0.0627202805
185	0.0627172856
185	0.061284489
185	0.0612821531
185	0.0612889222
186	0.0612918164
186	0.0597779994
186	0.0597775374
186	0.0597790282
187	0.059779407
187	0.0582332003
187	0.0582387878
187	0.0582381326
188	0.0582512727
188	0.0567343397
188	0.0567202737
188	0.0567223428
189	0.0567313715
189	0.0552960698
189	0.0552889798
189	0.0552905478
190	0.0552792331
190	0.0538546187
190	0.0538553687
190	0.0538544176
191	0.0538540593
191	0.0523962324
191	0.0523962876
191	0.0524013409
192	0.0523978669
192	0.050938407
192	0.050939946
192	0.0509355126
193	0.0509360566
193	0.0495522542
193	0.0495621235
193	0.0495577831
194	0.0495569026
194	0.0481213201
194	0.0481119615
194	0.0481083082
195	0.0481168312
195	0.0466375676
195	0.0466387759
195	0.0466361439
196	0.0466466011
196	0.0452174811
196	0.0452091824
196	0.0452083039
197	0.0452109644
197	0.0437767177
197	0.0437730198
197	0.043770143
198	0.0437739419
198	0.0422735738
198	0.0422779941
198	0.0422865676
199	0.0422835196
199	0.0408602664
199	0.0408558966
199	0.0408519826
200	0.0408550972
200	0.0394413554
200	0.0394358115
200	0.03943779
201	0.039434275
201	0.0380050328
201	0.0380057614
201	0.0380050431
202	0.0380048386
202	0.0364896207
202	0.0364837754
202	0.0364896237
203	0.0364898915
203	0.0349584219
203	0.034967292
203	0.034966944
204	0.0349674708
204	0.0334430218
204	0.0334488605
204	0.0334474518
205	0.0334495579
205	0.031991367
205	0.0319887181
205	0.0319780811
206	0.0319856688
206	0.030546526
206	0.0305468306
206	0.0305547301
207	0.0305624068
207	0.0291419348
207	0.0291461246
207	0.0291473662
208	0.0291467755
208	0.0276812003
208	0.0276801713
208	0.0276783999
209	0.0276824837
209	0.0262559544
209	0.0262622503
209	0.0262634027
210	0.0262565676
210	0.024846126
210	0.0248426468
210	0.0248472182
211	0.0248484747
211	0.0234433946
211	0.0234366329
211	0.0234401674
212	0.0234389586
212	0.0220227063
212	0.0220189911
212	0.0220080602
213	0.0220144122
213	0.0205788086
213	0.0205736293
213	0.0205767543
214	0.0205777653
214	0.0190867839
214	0.0190850799
214	0.0190874093
215	0.0190882577
215	0.017650922
215	0.017649922
215	0.0176502534
216	0.0176484767
216	0.016227012
216	0.0162243286
216	0.0162282053
217	0.016227015
217	0.0147777672
217	0.0147785289
217	0.0147800618
218	0.0147852856
218	0.013248794
218	0.0132472679
218	0.0132509739
219	0.0132505431
219	0.0116543149
219	0.0116518137
219	0.0116530335
220	0.0116497764
220	0.0101321138
220	0.0101298177
220	0.0101292748
221	0.0101289316
221	0.00868101145
221	0.00868346549
221	0.00868037984
222	0.00868113442
222	0.00725014961
222	0.00724625192
222	0.00724824903
223	0.00724693019
223	0.005828955
223	0.0058220544
223	0.00582620354
224	0.00582388833
224	0.00431172294
224	0.00431118672
224	0.00431216585
225	0.00430993843
225	0.00293921431
225	0.00293741785
225	0.00293038509
226	0.00293249828
226	0.00151177923
226	0.0015151561
226	0.00150901122
227	0.00151333642
227	8.44147209e-05
227	8.76479332e-05
227	9.08804559e-05
228	7.97875061e-05
228	-0.00132535318
228	-0.00132265366
228	-0.00132329079
229	-0.00132618061
229	-0.00276661403
229	-0.00276855828
229	-0.00276397221
230	-0.00276450981
230	-0.00425373883
230	-0.00425069501
230	-0.00425065915
231	-0.00425318605
231	-0.00565931459
231	-0.0056582603
231	-0.0056613602
232	-0.0056563765
232	-0.00707018894
232	-0.0070702179
232	-0.00707225063
233	-0.00707572679
233	-0.00848527378
233	-0.00848406251
233	-0.00848478583
234	-0.00848284043
234	-0.00995069763
234	-0.00995348747
234	-0.00994815579
235	-0.00995449511
235	-0.0114400294
235	-0.0114388693
235	-0.0114387921
236	-0.0114394922
236	-0.0129505398
236	-0.0129501371
236	-0.0129461149
237	-0.0129511061
237	-0.0144315441
237	-0.01443364
237	-0.0144280134
238	-0.0144315029
238	-0.0158382435
238	-0.0158367557
238	-0.0158406042
239	-0.0158443543
239	-0.0172551958
239	-0.0172535083
239	-0.017250313
240	-0.0172537776
240	-0.0187077778
240	-0.0187087472
240	-0.0187049449
241	-0.0187031469
241	-0.0200860664
241	-0.0200871568
241	-0.0200920056
242	-0.0200866125
242	-0.0214888017
242	-0.0214824463
242	-0.0214853856
243	-0.0214880789
243	-0.0228719311
243	-0.0228701059
243	-0.0228713891
244	-0.0228728468
244	-0.0242859462
244	-0.0242828904
244	-0.0242840553
245	-0.0242849866
245	-0.0257127006
245	-0.02571785
245	-0.0257252147
246	-0.0257214954
246	-0.0272018748
246	-0.0272012246
246	-0.0272037729
247	-0.027196346
247	-0.0285922808
247	-0.028594246
247	-0.0285856574
248	-0.0285816738
248	-0.0299916622
248	-0.0299913145
248	-0.0299885681
249	-0.0299895936
249	-0.0313775791
249	-0.0313804892
249	-0.0313810089
250	-0.0313751936
250	-0.032806814
250	-0.0328036189
250	-0.0328035537
251	-0.0328090554
251	-0.0342634334
251	-0.0342697412
251	-0.0342641082
252	-0.0342700283
252	-0.0357014482
252	-0.0357009697
252	-0.0357019518
253	-0.0356983453
253	-0.0370718732
253	-0.0370761458
253	-0.0370776409
254	-0.0370738715
254	-0.0384458177
254	-0.0384479762
254	-0.0384499915
255	-0.0384525308
255	-0.0398118097
255	-0.0397990984
255	-0.039791489
