DAC	thr_voltage
1	0.336701384
1	0.335279881
1	0.335336731
1	0.335345817
2	0.33533938
2	0.333865445
2	0.33384443
2	0.33374769
3	0.33373815
3	0.332345056
3	0.332349137
3	0.332331215
4	0.33236237
4	0.330952871
4	0.330912793
4	0.330905471
5	0.330923111
5	0.329458919
5	0.329482037
5	0.329505917
6	0.329524804
6	0.328024657
6	0.328032643
6	0.328004979
7	0.327971972
7	0.326514842
7	0.326482778
7	0.32652657
8	0.326502713
8	0.325021678
8	0.325049661
8	0.325075862
9	0.325084735
9	0.323594752
9	0.323574721
9	0.323558787
10	0.32357174
10	0.322102122
10	0.322076159
10	0.322061351
11	0.322039297
11	0.320520966
11	0.320535505
11	0.320526103
12	0.320517758
12	0.319033029
12	0.319024401
12	0.319023858
13	0.319037087
13	0.317588578
13	0.317599197
13	0.317585328
14	0.317555524
14	0.316150996
14	0.316160478
14	0.316154393
15	0.316092392
15	0.314635042
15	0.314618563
15	0.314618654
16	0.314606093
16	0.31318412
16	0.31314942
16	0.313140831
17	0.313130318
17	0.311741355
17	0.311727154
17	0.311771547
18	0.31179005
18	0.31029372
18	0.31032444
18	0.310289003
19	0.310283944
19	0.308854202
19	0.308873324
19	0.308883138
20	0.308877768
20	0.307413215
20	0.307430615
20	0.307490994
21	0.307468408
21	0.305923877
21	0.305938848
21	0.305958769
22	0.305941102
22	0.304388835
22	0.304388996
22	0.30438909
23	0.304432617
23	0.3029662
23	0.302900665
23	0.302892165
24	0.302949853
24	0.301485005
24	0.301482965
24	0.301476112
25	0.301479794
25	0.299995614
25	0.300031615
25	0.300034835
26	0.300018232
26	0.298546428
26	0.298511342
26	0.298496573
27	0.298511418
27	0.296983365
27	0.296977958
27	0.296952077
28	0.29692839
28	0.295464248
28	0.295495465
28	0.295517886
29	0.295526381
29	0.294048614
29	0.29405242
29	0.294075081
30	0.294097634
30	0.292613467
30	0.292599025
30	0.292602612
31	0.292584688
31	0.29110888
31	0.291141114
31	0.291112917
32	0.291098525
32	0.289619733
32	0.289671943
32	0.289639123
33	0.289653905
33	0.288236557
33	0.288278453
33	0.288261414
34	0.288253712
34	0.286813877
34	0.286803445
34	0.286812075
35	0.286803753
35	0.285409
35	0.285433326
35	0.285405885
36	0.285388178
36	0.283956864
36	0.283960509
36	0.283949841
37	0.283955251
37	0.282496981
37	0.282541839
37	0.282486857
38	0.282514012
38	0.281023051
38	0.281019793
38	0.281000366
39	0.280973391
39	0.279553249
39	0.279571468
39	0.2795563
40	0.279567737
40	0.278085988
40	0.278119846
40	0.278099107
41	0.278107412
41	0.276632661
41	0.276667111
41	0.276665008
42	0.276678231
42	0.275156759
42	0.275182276
42	0.275186615
43	0.275188489
43	0.273672959
43	0.273666726
43	0.273635306
44	0.273581385
44	0.272103783
44	0.272116098
44	0.272151276
45	0.272145116
45	0.270676637
45	0.270677677
45	0.270642642
46	0.270644217
46	0.269219187
46	0.269230132
46	0.269228589
47	0.269191765
47	0.26777377
47	0.267760271
47	0.267746674
48	0.26774099
48	0.26631224
48	0.266290493
48	0.266271548
49	0.266275393
49	0.264859053
49	0.264875774
49	0.264898423
50	0.264868735
50	0.263454401
50	0.263444246
50	0.263452251
51	0.263428882
51	0.262009213
51	0.262030115
51	0.26201839
52	0.262035628
52	0.260600957
52	0.260563533
52	0.260577041
53	0.260541308
53	0.259098412
53	0.259120005
53	0.259116995
54	0.259106041
54	0.25758891
54	0.257592378
54	0.257629854
55	0.257607702
55	0.256158648
55	0.256182892
55	0.256201403
56	0.256198638
56	0.254702095
56	0.254740914
56	0.254724614
57	0.254733666
57	0.253218078
57	0.253234837
57	0.253240693
58	0.253255626
58	0.251711987
58	0.251720364
58	0.251685872
59	0.251729052
59	0.250191322
59	0.250175937
59	0.250173463
60	0.250142728
60	0.248626039
60	0.248660762
60	0.248642295
61	0.248637997
61	0.247196834
61	0.247206712
61	0.247204705
62	0.247194565
62	0.245734297
62	0.245755618
62	0.245748733
63	0.245752773
63	0.244289155
63	0.244281337
63	0.244291796
64	0.244297765
64	0.242822664
64	0.242836196
64	0.242825577
65	0.242832858
65	0.241441918
65	0.241437895
65	0.241428224
66	0.241445222
66	0.239975023
66	0.239980289
66	0.23996195
67	0.239977209
67	0.238575859
67	0.238563597
67	0.238578721
68	0.238580776
68	0.237184449
68	0.237165094
68	0.237141004
69	0.237164789
69	0.235680922
69	0.235669562
69	0.235672674
70	0.235659868
70	0.234123509
70	0.234124102
70	0.234125315
71	0.234109043
71	0.232649094
71	0.232669362
71	0.232687365
72	0.232680212
72	0.231203743
72	0.231236599
72	0.231258331
73	0.231245815
73	0.229797539
73	0.229797873
73	0.229818838
74	0.22980521
74	0.228260608
74	0.228260393
74	0.228279123
75	0.228272946
75	0.226743746
75	0.226722107
75	0.226711942
76	0.226734162
76	0.225204776
76	0.225207305
76	0.225228211
77	0.225219497
77	0.223759571
77	0.223776415
77	0.223748408
78	0.223772774
78	0.222341002
78	0.222320742
78	0.222301161
79	0.222308852
79	0.220843871
79	0.220833964
79	0.220845938
80	0.220829232
80	0.219394815
80	0.21939497
80	0.219428107
81	0.219417276
81	0.217976666
81	0.217978792
81	0.217999548
82	0.218006035
82	0.216555651
82	0.216552724
82	0.216555968
83	0.216573565
83	0.215129371
83	0.21514059
83	0.215159843
84	0.21513421
84	0.21367188
84	0.213673044
84	0.213680354
85	0.213673255
85	0.212206834
85	0.212211494
85	0.212226573
86	0.21218842
86	0.210672875
86	0.210675485
86	0.210677975
87	0.21066714
87	0.209211416
87	0.209206493
87	0.20921139
88	0.209218412
88	0.207762665
88	0.207753142
88	0.207775891
89	0.207769679
89	0.206294978
89	0.206294572
89	0.206291268
90	0.206296071
90	0.204794384
90	0.204800698
90	0.204789131
91	0.20479486
91	0.203294115
91	0.203277073
91	0.203278125
92	0.203285026
92	0.201788552
92	0.201778832
92	0.201789259
93	0.201794657
93	0.200326477
93	0.200346764
93	0.200340113
94	0.200333723
94	0.198881007
94	0.198880133
94	0.198872144
95	0.198869619
95	0.197441004
95	0.197396373
95	0.19739314
96	0.19740488
96	0.195951431
96	0.195971855
96	0.195969567
97	0.195953804
97	0.194550201
97	0.194552082
97	0.194548366
98	0.19456282
98	0.193152112
98	0.193116951
98	0.193129962
99	0.193132613
99	0.191689838
99	0.191702488
99	0.191734903
100	0.191730669
100	0.190276579
100	0.190265281
100	0.19027902
101	0.19026201
101	0.188795524
101	0.188815799
101	0.188831535
102	0.188825058
102	0.187311575
102	0.187295662
102	0.187302555
103	0.187300978
103	0.18583636
103	0.185842155
103	0.185847543
104	0.185826688
104	0.184370464
104	0.184389069
104	0.184420236
105	0.184402643
105	0.182966868
105	0.182973509
105	0.182976243
106	0.182971663
106	0.181485166
106	0.181504496
106	0.181501594
107	0.181487563
107	0.179962578
107	0.179948521
107	0.179933875
108	0.179944379
108	0.178454817
108	0.178477853
108	0.17847676
109	0.178479425
109	0.177008376
109	0.17698386
109	0.17700045
110	0.176988838
110	0.175537161
110	0.175545784
110	0.175537247
111	0.17553989
111	0.174129313
111	0.174116016
111	0.174131936
112	0.174123899
112	0.17265399
112	0.172652841
112	0.172640907
113	0.172641972
113	0.17120558
113	0.171191467
113	0.171187772
114	0.171180613
114	0.169769473
114	0.169785912
114	0.16977102
115	0.169755748
115	0.16832073
115	0.168327755
115	0.168319334
116	0.168328157
116	0.166907265
116	0.166918122
116	0.166909464
117	0.166877165
117	0.165430195
117	0.165439599
117	0.165421427
118	0.165427038
118	0.16393076
118	0.163943423
118	0.163939988
119	0.163904679
119	0.162488231
119	0.162482116
119	0.162469143
120	0.162499438
120	0.161063253
120	0.161066511
120	0.161063278
121	0.161057415
121	0.159608594
121	0.159588243
121	0.159597094
122	0.159621491
122	0.158071072
122	0.158058957
122	0.158081557
123	0.158059472
123	0.156520873
123	0.156522764
123	0.156534136
124	0.156527439
124	0.15499776
124	0.154984028
124	0.154974396
125	0.154985732
125	0.153512099
125	0.153529644
125	0.153523319
126	0.153538289
126	0.152091772
126	0.152105516
126	0.152087198
127	0.152093152
127	0.150637642
127	0.150663916
127	0.150642088
128	0.150637437
128	0.149147088
128	0.149156001
128	0.149153834
129	0.149149504
129	0.147734399
129	0.147723655
129	0.147730567
130	0.147743788
130	0.146305276
130	0.146316697
130	0.146319179
131	0.146307831
131	0.14488097
131	0.144876254
131	0.14487669
132	0.144899266
132	0.143462863
132	0.143485578
132	0.143475035
133	0.143462341
133	0.141993505
133	0.141990985
133	0.141982493
134	0.141989098
134	0.140467336
134	0.14044694
134	0.140476817
135	0.140466046
135	0.138977176
135	0.138955246
135	0.138955459
136	0.138970001
136	0.137527896
136	0.13751285
136	0.137509325
137	0.137520417
137	0.136092414
137	0.136104162
137	0.136080139
138	0.136075648
138	0.134571852
138	0.134547428
138	0.134573984
139	0.13459249
139	0.133045512
139	0.133045744
139	0.133046418
140	0.133040931
140	0.131534832
140	0.131542455
140	0.131526948
141	0.13153236
141	0.130072317
141	0.130072402
141	0.130074478
142	0.130070703
142	0.128621859
142	0.128613658
142	0.128616655
143	0.128633031
143	0.127162863
143	0.127177468
143	0.127173517
144	0.127176414
144	0.125719676
144	0.125725252
144	0.12571497
145	0.125706197
145	0.124288606
145	0.124278638
145	0.124277151
146	0.124278749
146	0.122850078
146	0.122859203
146	0.122858579
147	0.122861179
147	0.121398376
147	0.121381586
147	0.121383608
148	0.121384959
148	0.119937291
148	0.11993511
148	0.119922937
149	0.119929918
149	0.118445173
149	0.118441963
149	0.118468692
150	0.118461084
150	0.116966645
150	0.116962624
150	0.116960256
151	0.116968409
151	0.115525124
151	0.115526697
151	0.115529754
152	0.11553147
152	0.114070648
152	0.114065806
152	0.114062218
153	0.114074732
153	0.112634636
153	0.112631299
153	0.112629029
154	0.112627386
154	0.111117099
154	0.111119919
154	0.111129782
155	0.111121897
155	0.109588135
155	0.109583875
155	0.109578789
156	0.109593958
156	0.10808674
156	0.108082079
156	0.108085685
157	0.10808681
157	0.106624651
157	0.106612387
157	0.106637611
158	0.106629872
158	0.105186008
158	0.105184509
158	0.105192314
159	0.10517255
159	0.103739289
159	0.103751094
159	0.103727378
160	0.103726641
160	0.102268452
160	0.102270088
160	0.102273234
161	0.102279888
161	0.100832719
161	0.100838922
161	0.100823394
162	0.100832111
162	0.0993264997
162	0.0993299501
162	0.0993300776
163	0.0993296189
163	0.0979073919
163	0.0978944598
163	0.0979018474
164	0.0978992791
164	0.0964779061
164	0.0964754254
164	0.0964760255
165	0.0964903087
165	0.0950471106
165	0.0950444111
165	0.0950405814
166	0.0950452208
166	0.0935129605
166	0.0935151332
166	0.0935195653
167	0.0935129299
167	0.0920649509
167	0.0920595332
167	0.0920695192
168	0.0920777906
168	0.0906239014
168	0.090610524
168	0.0906160359
169	0.0906069734
169	0.0891653251
169	0.0891572309
169	0.0891659997
170	0.089165959
170	0.0876755306
170	0.0876787946
170	0.0876683401
171	0.0876849792
171	0.0861297132
171	0.0861317087
171	0.0861354855
172	0.0861271187
172	0.084617662
172	0.0846224345
172	0.0846196106
173	0.0846159159
173	0.0831576387
173	0.0831651681
173	0.0831676226
174	0.0831632089
174	0.0817095321
174	0.0817138251
174	0.0817132886
175	0.0817032766
175	0.0802556511
175	0.0802572278
175	0.080245757
176	0.0802646692
176	0.0787890462
176	0.078783384
176	0.0787895231
177	0.0787813926
177	0.0773766638
177	0.0773789854
177	0.0773649181
178	0.0773673898
178	0.0759530857
178	0.0759498191
178	0.0759592381
179	0.0759462966
179	0.0745361119
179	0.0745315327
179	0.07453964
180	0.0745394991
180	0.0731131942
180	0.0731110136
180	0.0731075947
181	0.0731091618
181	0.0716704167
181	0.0716857763
181	0.0716793671
182	0.0716656013
182	0.0701680744
182	0.0701662936
182	0.070168643
183	0.0701777796
183	0.0687283397
183	0.0687353357
183	0.0687349884
184	0.0687301851
184	0.0672351279
184	0.0672405467
184	0.0672464904
185	0.0672404182
185	0.0657908099
185	0.0657940502
185	0.065797656
186	0.0657931235
186	0.064285743
186	0.0642928732
186	0.064283855
187	0.0642808981
187	0.0627422126
187	0.0627479769
187	0.0627593551
188	0.062745382
188	0.0612256563
188	0.0612274356
188	0.0612222774
189	0.0612212907
189	0.0597757775
189	0.0597730596
189	0.0597565766
190	0.0597606653
190	0.0583181398
190	0.0583285154
190	0.0583304778
191	0.0583303523
191	0.0568600073
191	0.0568639001
191	0.0568671311
192	0.0568736648
192	0.0554095791
192	0.0554155128
192	0.0554099308
193	0.0554046988
193	0.0539919439
193	0.0539923763
193	0.0539833505
194	0.0539840957
194	0.0525464365
194	0.0525492496
194	0.0525426193
195	0.0525408961
195	0.0510625413
195	0.0510619846
195	0.0510628451
196	0.0510665677
196	0.0496349348
196	0.0496350403
196	0.0496359856
197	0.0496375941
197	0.0481832517
197	0.04818249
197	0.0481861025
198	0.048188568
198	0.0466928144
198	0.0466856861
198	0.0466831447
199	0.0466869029
199	0.0452461801
199	0.0452451387
199	0.0452462493
200	0.0452497459
200	0.0438201463
200	0.0438193956
200	0.0438213925
201	0.0438214129
201	0.0423864402
201	0.0423833272
201	0.0423866107
202	0.0423766902
202	0.0408580164
202	0.0408604243
202	0.0408623621
203	0.0408646842
203	0.0393392241
203	0.0393369608
203	0.0393381654
204	0.0393397541
204	0.0378076167
204	0.0378223159
204	0.0378220068
205	0.0378112752
205	0.0363587086
205	0.0363572723
205	0.0363578348
206	0.0363572075
206	0.0349078834
206	0.0349106233
206	0.0349118624
207	0.0349149796
207	0.0334878252
207	0.0334829712
207	0.0334831042
208	0.0334869125
208	0.0320141914
208	0.0320131834
208	0.0320119116
209	0.0320068757
209	0.0305829082
209	0.0305815859
209	0.0305803153
210	0.0305801756
210	0.029156822
210	0.0291592565
210	0.0291560713
211	0.0291541949
211	0.0277393459
211	0.0277307346
211	0.0277266135
212	0.0277234001
212	0.0262974711
212	0.0262957261
212	0.026291893
213	0.0262915719
213	0.0248419492
213	0.0248450597
213	0.0248467891
214	0.0248489785
214	0.0233534368
214	0.0233502914
214	0.0233633865
215	0.0233615748
215	0.0219070629
215	0.0219053582
215	0.021909634
216	0.0219057384
216	0.0204614407
216	0.0204666237
216	0.0204639564
217	0.0204599139
217	0.0190062319
217	0.0190125747
217	0.0190104052
218	0.0190044258
218	0.0174743648
218	0.0174794211
218	0.0174809128
219	0.0174818011
219	0.0158999365
219	0.0158975424
219	0.0158943648
220	0.0158972675
220	0.0143736198
220	0.0143714807
220	0.0143774754
221	0.0143745649
221	0.0129267677
221	0.0129260619
221	0.0129223414
222	0.0129271024
222	0.0114793833
222	0.011485536
222	0.0114856698
223	0.0114906034
223	0.0100557101
223	0.0100545383
223	0.0100541712
224	0.0100537104
224	0.00853427781
224	0.00853406359
224	0.00853557459
225	0.00853386225
225	0.00713700626
225	0.00713788219
225	0.00713884317
226	0.00714419025
226	0.00570625452
226	0.00570746809
226	0.00570714332
227	0.00570869178
227	0.0042711369
227	0.0042713456
227	0.00427090568
228	0.00427357163
228	0.00285458515
228	0.00285174221
228	0.00285169187
229	0.0028485991
229	0.00140124943
229	0.00139764249
229	0.00139449823
230	0.0013973676
230	-9.31264892e-05
230	-9.59533377e-05
230	-9.24415548e-05
231	-9.20974787e-05
231	-0.00151714608
231	-0.00151350995
231	-0.0015157307
232	-0.00151240371
232	-0.002938599
232	-0.00294440049
232	-0.00293827699
233	-0.00293962939
233	-0.00436745035
233	-0.00436612439
233	-0.00436216441
234	-0.00436541371
234	-0.00584894029
234	-0.00585422992
234	-0.00585280236
235	-0.00585105072
235	-0.00734685555
235	-0.00734953691
235	-0.00734733202
236	-0.00734395102
236	-0.00885570378
236	-0.00885424267
236	-0.00885528202
237	-0.00885876369
237	-0.0103418651
237	-0.0103426339
237	-0.0103408363
238	-0.0103448243
238	-0.0117686659
238	-0.0117673289
238	-0.0117719865
239	-0.0117745286
239	-0.0131937065
239	-0.0131887579
239	-0.0131873136
240	-0.0131798352
240	-0.0146525101
240	-0.0146500671
240	-0.0146545157
241	-0.0146551944
241	-0.0160561779
241	-0.0160509067
241	-0.0160497602
242	-0.0160573427
242	-0.0174717858
242	-0.0174697025
242	-0.0174699016
243	-0.0174686517
243	-0.0188726422
243	-0.0188698852
243	-0.0188743271
244	-0.0188718749
244	-0.0202929541
244	-0.0202953155
244	-0.0202941989
245	-0.0202908579
245	-0.0217355466
245	-0.0217362019
245	-0.0217353691
246	-0.021736944
246	-0.0232198033
246	-0.0232176175
246	-0.0232151106
247	-0.0232040606
247	-0.0246270644
247	-0.0246343314
247	-0.0246322385
248	-0.024630397
248	-0.0260558061
248	-0.0260562039
248	-0.0260518558
249	-0.0260488738
249	-0.0274509276
249	-0.0274567323
249	-0.0274582405
250	-0.0274536976
250	-0.028904225
250	-0.0288990092
250	-0.0289006744
251	-0.0289015616
251	-0.0303758821
251	-0.030378307
251	-0.0303759387
252	-0.0303744688
252	-0.0318132698
252	-0.0318131346
252	-0.0318220691
253	-0.0318198224
253	-0.0332095271
253	-0.0332065562
253	-0.0332133127
254	-0.0332137503
254	-0.0345976641
254	-0.0345936602
254	-0.0346005224
255	-0.0346065354
255	-0.0359866326
255	-0.0359849
255	-0.0359742725
