DAC	thr_voltage
1	0.338185149
1	0.336766916
1	0.336814433
1	0.33681982
2	0.336805479
2	0.3353035
2	0.335326504
2	0.335308777
3	0.335344091
3	0.33388309
3	0.333923375
3	0.333894455
4	0.333915519
4	0.332469259
4	0.33249563
4	0.332479923
5	0.332478278
5	0.331036817
5	0.33105745
5	0.331043212
6	0.331095
6	0.329551928
6	0.329506382
6	0.329513189
7	0.329493706
7	0.32805108
7	0.328052238
7	0.328007131
8	0.328074729
8	0.326615156
8	0.326589927
8	0.326599892
9	0.326607786
9	0.325141643
9	0.325110647
9	0.325139538
10	0.32508742
10	0.323611431
10	0.323587147
10	0.32355514
11	0.32355568
11	0.322063914
11	0.322067195
11	0.322108018
12	0.322128525
12	0.320605578
12	0.320645874
12	0.320665005
13	0.320618875
13	0.319136519
13	0.319170406
13	0.319187979
14	0.319128232
14	0.317716423
14	0.317717931
14	0.317760238
15	0.317727529
15	0.316306882
15	0.316278783
15	0.316288669
16	0.316296454
16	0.314799579
16	0.314778646
16	0.314790775
17	0.314758681
17	0.313320126
17	0.313298342
17	0.313351463
18	0.313316453
18	0.311928577
18	0.311962197
18	0.31194694
19	0.311957895
19	0.3104875
19	0.310514499
19	0.31054001
20	0.310480519
20	0.30911237
20	0.309081058
20	0.309111305
21	0.309112995
21	0.307604838
21	0.307618531
21	0.307616933
22	0.30763736
22	0.306131235
22	0.306109009
22	0.306138893
23	0.306071007
23	0.304574668
23	0.304598846
23	0.304588686
24	0.304557059
24	0.303134649
24	0.303135162
24	0.303166421
25	0.303160011
25	0.301730637
25	0.301725774
25	0.301727269
26	0.301755539
26	0.30027917
26	0.300258001
26	0.30022505
27	0.300262413
27	0.298727745
27	0.298748184
27	0.298749225
28	0.298732754
28	0.297227035
28	0.297237191
28	0.297251679
29	0.297237563
29	0.295789113
29	0.295793386
29	0.295784897
30	0.295793173
30	0.294315822
30	0.294328488
30	0.294344279
31	0.294323955
31	0.292817621
31	0.292824543
31	0.292824965
32	0.292847928
32	0.29136473
32	0.291360043
32	0.29138978
33	0.29136698
33	0.290008109
33	0.289994348
33	0.290029609
34	0.290002389
34	0.288606198
34	0.288587334
34	0.288606349
35	0.288612286
35	0.287209041
35	0.28720653
35	0.287188847
36	0.287211982
36	0.285796872
36	0.285769965
36	0.285789002
37	0.285804912
37	0.284364048
37	0.284362126
37	0.284370044
38	0.284391083
38	0.282884432
38	0.282913406
38	0.282893595
39	0.282921354
39	0.281439507
39	0.281479031
39	0.281474453
40	0.28144699
40	0.27997156
40	0.279960311
40	0.279968959
41	0.279983915
41	0.278509074
41	0.27853324
41	0.278512915
42	0.278529569
42	0.277007579
42	0.277022662
42	0.276988066
43	0.276980052
43	0.275463251
43	0.275471703
43	0.275453773
44	0.275438802
44	0.273943111
44	0.273970428
44	0.273987092
45	0.273930052
45	0.272485251
45	0.272531447
45	0.272531043
46	0.272522366
46	0.271103612
46	0.271124728
46	0.271075925
47	0.271120973
47	0.269686483
47	0.269690724
47	0.26969626
48	0.26967295
48	0.268224788
48	0.2682371
48	0.268235128
49	0.268246102
49	0.266843431
49	0.266803714
49	0.266840617
50	0.266807399
50	0.265330322
50	0.265373563
50	0.265357351
51	0.265374408
51	0.263936773
51	0.263968017
51	0.26397597
52	0.263931038
52	0.262500064
52	0.262524232
52	0.262523284
53	0.262508389
53	0.261083915
53	0.261066279
53	0.261063792
54	0.261083953
54	0.259554698
54	0.259534035
54	0.259557835
55	0.259573562
55	0.258133412
55	0.258107208
55	0.258151343
56	0.25818097
56	0.256707953
56	0.256705446
56	0.256729444
57	0.256723875
57	0.255232957
57	0.255215468
57	0.255242118
58	0.255221062
58	0.253675317
58	0.25368742
58	0.253687139
59	0.253656382
59	0.252076799
59	0.252067666
59	0.252080304
60	0.252104889
60	0.250578499
60	0.250577067
60	0.250616571
61	0.250596619
61	0.249143568
61	0.249152994
61	0.24912123
62	0.249141618
62	0.247727457
62	0.247713962
62	0.247734464
63	0.247702475
63	0.246262113
63	0.246242219
63	0.246238827
64	0.246251834
64	0.24480206
64	0.244826513
64	0.244806287
65	0.244799918
65	0.243398051
65	0.243408376
65	0.243415998
66	0.243398259
66	0.242014289
66	0.241988886
66	0.242030902
67	0.242021795
67	0.240615278
67	0.240608173
67	0.240608306
68	0.240603553
68	0.23917055
68	0.23919479
68	0.239205628
69	0.239163778
69	0.237681482
69	0.237715495
69	0.237728476
70	0.237731519
70	0.236176796
70	0.236163053
70	0.236165796
71	0.236116606
71	0.234684591
71	0.234686488
71	0.234724672
72	0.234679495
72	0.233281277
72	0.233289322
72	0.233279201
73	0.233278977
73	0.231805814
73	0.231821933
73	0.231787628
74	0.23182781
74	0.230329239
74	0.230333569
74	0.230337621
75	0.230333943
75	0.228784124
75	0.228821605
75	0.228810564
76	0.228806079
76	0.227293716
76	0.227308908
76	0.22729141
77	0.22731573
77	0.225865224
77	0.225874414
77	0.22585422
78	0.225822366
78	0.224378898
78	0.224381002
78	0.224383987
79	0.224360686
79	0.222917437
79	0.222948096
79	0.222938772
80	0.222945879
80	0.22146715
80	0.221471577
80	0.221457774
81	0.221457322
81	0.220083903
81	0.220076064
81	0.220070676
82	0.220093322
82	0.218659707
82	0.218646225
82	0.218639967
83	0.218666912
83	0.217283057
83	0.217274889
83	0.217270596
84	0.217278776
84	0.215840918
84	0.215835737
84	0.215839547
85	0.215842667
85	0.21434121
85	0.214350246
85	0.214360116
86	0.214323046
86	0.212794597
86	0.212794712
86	0.212808744
87	0.212811202
87	0.211378963
87	0.21138232
87	0.211422278
88	0.211402352
88	0.209953142
88	0.209951854
88	0.209945461
89	0.209910296
89	0.208454822
89	0.208460539
89	0.208472724
90	0.208437958
90	0.206961735
90	0.206967386
90	0.206978418
91	0.206994207
91	0.205476345
91	0.205502929
91	0.205488942
92	0.205483355
92	0.203977668
92	0.203975033
92	0.203990066
93	0.203941586
93	0.202531626
93	0.202522059
93	0.202523662
94	0.202530216
94	0.201100929
94	0.201087049
94	0.20108708
95	0.201092183
95	0.199661448
95	0.199633572
95	0.199651033
96	0.199647028
96	0.198191732
96	0.198181461
96	0.198170877
97	0.198196576
97	0.196780808
97	0.196770487
97	0.19678988
98	0.196817984
98	0.195388926
98	0.195412777
98	0.195387667
99	0.195397818
99	0.193968012
99	0.193928485
99	0.193929248
100	0.193953699
100	0.192519384
100	0.192493271
100	0.192509245
101	0.1925034
101	0.191074892
101	0.191062462
101	0.191057873
102	0.19107804
102	0.189561738
102	0.189586017
102	0.189582144
103	0.189563429
103	0.18814125
103	0.188136835
103	0.188110835
104	0.188127519
104	0.186697506
104	0.186693699
104	0.186686946
105	0.18668653
105	0.185263681
105	0.185259648
105	0.185271848
106	0.185284806
106	0.183771564
106	0.183756405
106	0.183746553
107	0.183765493
107	0.182237109
107	0.182224945
107	0.182234267
108	0.182224419
108	0.180751755
108	0.180748718
108	0.180737556
109	0.180757795
109	0.179300176
109	0.17932761
109	0.179327918
110	0.179334628
110	0.177879077
110	0.177876022
110	0.177876448
111	0.177836386
111	0.17643626
111	0.176423579
111	0.176453259
112	0.176436126
112	0.175002634
112	0.174995662
112	0.17497813
113	0.174980816
113	0.173540438
113	0.173523607
113	0.173543198
114	0.173537934
114	0.172107283
114	0.172121946
114	0.172129363
115	0.172112987
115	0.17070411
115	0.170701115
115	0.170721981
116	0.170717356
116	0.169267496
116	0.169265779
116	0.169260646
117	0.169248875
117	0.167842227
117	0.167850604
117	0.167837944
118	0.167861682
118	0.166361394
118	0.166361908
118	0.166339225
119	0.166344438
119	0.164944708
119	0.164951929
119	0.164944209
120	0.164964308
120	0.163522782
120	0.163520942
120	0.163507276
121	0.163514152
121	0.162076209
121	0.162073177
121	0.162088161
122	0.162072053
122	0.160563476
122	0.160570486
122	0.16056257
123	0.160540958
123	0.158975407
123	0.158983633
123	0.158985592
124	0.158989121
124	0.157471342
124	0.15747817
124	0.157470797
125	0.157470802
125	0.156016837
125	0.156028565
125	0.156027579
126	0.156026056
126	0.154554161
126	0.154568718
126	0.154570772
127	0.154556598
127	0.153141094
127	0.153134237
127	0.153146308
128	0.153158801
128	0.151689846
128	0.151682555
128	0.151677678
129	0.151680084
129	0.150252077
129	0.150248046
129	0.150250434
130	0.150245964
130	0.148842209
130	0.148839963
130	0.148841441
131	0.148851731
131	0.147455143
131	0.147456914
131	0.147450683
132	0.14745587
132	0.146021856
132	0.145988813
132	0.14598418
133	0.146008847
133	0.144516614
133	0.144531307
133	0.144523206
134	0.144510866
134	0.142987776
134	0.142999011
134	0.142982012
135	0.142993739
135	0.141513857
135	0.141517135
135	0.141530297
136	0.141536677
136	0.140088788
136	0.140099033
136	0.140076238
137	0.140074679
137	0.138612471
137	0.138618095
137	0.138624375
138	0.138635315
138	0.137181037
138	0.137164864
138	0.137178977
139	0.137153245
139	0.135624407
139	0.135614438
139	0.135628015
140	0.13560152
140	0.134101212
140	0.134097039
140	0.134092391
141	0.134119437
141	0.132662752
141	0.132649118
141	0.132659422
142	0.132649732
142	0.131222322
142	0.131225666
142	0.131221383
143	0.131215128
143	0.129776025
143	0.129753853
143	0.12976318
144	0.129757488
144	0.128311719
144	0.128299638
144	0.128304421
145	0.128300967
145	0.126872992
145	0.126874096
145	0.126885813
146	0.126887366
146	0.12547489
146	0.125480962
146	0.125486554
147	0.125482554
147	0.124030699
147	0.124026137
147	0.124026976
148	0.124028662
148	0.122581825
148	0.122579525
148	0.122580901
149	0.12259201
149	0.121123504
149	0.121120596
149	0.121124086
150	0.121111293
150	0.119624364
150	0.119610095
150	0.119608941
151	0.11960934
151	0.118174394
151	0.118169034
151	0.11817298
152	0.118186089
152	0.116736041
152	0.116732824
152	0.116738548
153	0.116737622
153	0.115312716
153	0.115324383
153	0.115333372
154	0.115326991
154	0.113810605
154	0.113803872
154	0.113808015
155	0.113815773
155	0.112292283
155	0.112269699
155	0.112290227
156	0.112280856
156	0.110777511
156	0.110784236
156	0.110764496
157	0.1107731
157	0.109314509
157	0.109312737
157	0.109305063
158	0.109314513
158	0.107869842
158	0.107858986
158	0.10787326
159	0.107880222
159	0.106450399
159	0.106450067
159	0.10643611
160	0.106434887
160	0.104989584
160	0.104993518
160	0.104987072
161	0.104997102
161	0.103561802
161	0.10355571
161	0.103546225
162	0.103549199
162	0.102038683
162	0.102036802
162	0.102050187
163	0.102049665
163	0.100618421
163	0.100625839
163	0.100627391
164	0.100613048
164	0.099203196
164	0.0991982815
164	0.0991986906
165	0.0991999851
165	0.097746881
165	0.0977648665
165	0.0977591567
166	0.0977556743
166	0.0962431146
166	0.096256141
166	0.0962446815
167	0.0962598443
167	0.0948031638
167	0.0948050894
167	0.0947936999
168	0.0948103457
168	0.0933690663
168	0.0933500297
168	0.0933530097
169	0.0933620609
169	0.0919186215
169	0.0919160652
169	0.091918984
170	0.0919328759
170	0.0904433064
170	0.0904466584
170	0.0904385691
171	0.0904432476
171	0.0888885509
171	0.0888812186
171	0.0888817822
172	0.0888740624
172	0.0873735163
172	0.087380797
172	0.0873720639
173	0.0873707694
173	0.0859197665
173	0.0859098602
173	0.0859211557
174	0.085912055
174	0.0844610473
174	0.0844637415
174	0.0844600549
175	0.0844594915
175	0.0830121882
175	0.0830254086
175	0.0830293072
176	0.0830265447
176	0.0815602623
176	0.0815713217
176	0.0815625508
177	0.0815614793
177	0.0801798907
177	0.0801691714
177	0.0801613285
178	0.0801616677
178	0.0787636464
178	0.07875568
178	0.078765219
179	0.0787647271
179	0.0773688146
179	0.0773717973
179	0.0773559068
180	0.0773592933
180	0.0759309853
180	0.0759321593
180	0.0759355045
181	0.0759252316
181	0.0745132006
181	0.0745044985
181	0.0745088465
182	0.0745197519
182	0.0730199065
182	0.0730087653
182	0.0730182544
183	0.0730203878
183	0.071583644
183	0.0715827745
183	0.0715862822
184	0.0715914102
184	0.0700992688
184	0.0701000602
184	0.0700967173
185	0.0700995012
185	0.0686617342
185	0.06866528
185	0.0686742811
186	0.0686737364
186	0.0671773431
186	0.0671695771
186	0.0671705062
187	0.0671667225
187	0.065626021
187	0.0656150221
187	0.0656164938
188	0.0656229028
188	0.0641058872
188	0.0641053154
188	0.0640997564
189	0.0641012379
189	0.0626622272
189	0.0626693002
189	0.0626497957
190	0.0626576214
190	0.0612266575
190	0.0612380109
190	0.0612385864
191	0.0612331361
191	0.0597775434
191	0.0597751496
191	0.059778066
192	0.0597658338
192	0.0583185087
192	0.0583127477
192	0.0583166628
193	0.0583122321
193	0.0569254937
193	0.0569271778
193	0.0569295019
194	0.0569306381
194	0.0554939906
194	0.0554947254
194	0.0554916074
195	0.0554945979
195	0.0540163844
195	0.0540196879
195	0.0540242379
196	0.0540226715
196	0.0525980787
196	0.052602739
196	0.0525942532
197	0.0525976577
197	0.0511553154
197	0.0511465239
197	0.0511449223
198	0.0511514515
198	0.049655407
198	0.049654238
198	0.0496584046
199	0.0496450964
199	0.0482268381
199	0.0482285606
199	0.0482214092
200	0.04823324
200	0.0468130503
200	0.0468191596
200	0.0468143064
201	0.0468110495
201	0.0453858544
201	0.0453803671
201	0.0453846985
202	0.0453852108
202	0.0438746473
202	0.0438657638
202	0.0438669788
203	0.0438668045
203	0.0423444666
203	0.0423493439
203	0.042355979
204	0.0423536514
204	0.0408295859
204	0.0408268836
204	0.0408259415
205	0.0408292278
205	0.0393753263
205	0.0393788836
205	0.0393767962
206	0.0393757228
206	0.0379314632
206	0.0379338536
206	0.0379418738
207	0.0379343689
207	0.0365192814
207	0.0365146684
207	0.0365188808
208	0.0365182944
208	0.0350602445
208	0.0350580316
208	0.0350506044
209	0.0350516474
209	0.0336295766
209	0.0336288344
209	0.0336373041
210	0.0336390029
210	0.032220676
210	0.032223954
210	0.0322193813
211	0.0322249628
211	0.0308131335
211	0.0308159298
211	0.0308094075
212	0.0308110948
212	0.0293951528
212	0.0293966346
212	0.0293943184
213	0.0293950222
213	0.0279549054
213	0.0279570643
213	0.0279560197
214	0.027951891
214	0.0264599208
214	0.0264679384
214	0.0264589917
215	0.026467076
215	0.02502845
215	0.0250273079
215	0.0250250621
216	0.0250209854
216	0.0235947826
216	0.0235995783
216	0.0236035994
217	0.0235989099
217	0.022151132
217	0.0221525678
217	0.0221485543
218	0.0221532498
218	0.0206237272
218	0.0206267522
218	0.020622242
219	0.0206269301
219	0.0190302704
219	0.0190297252
219	0.0190284321
220	0.019023251
220	0.017503728
220	0.01750403
220	0.0175016422
221	0.01750559
221	0.0160537369
221	0.016054203
221	0.0160644258
222	0.0160726108
222	0.0146398674
222	0.0146345472
222	0.0146366192
223	0.0146352786
223	0.0132103154
223	0.0132105057
223	0.0132139775
224	0.013215038
224	0.0116951374
224	0.0116910862
224	0.0116875365
225	0.0116853603
225	0.0103090429
225	0.0103082242
225	0.0103026183
226	0.0102995226
226	0.00888149199
226	0.00888907178
226	0.00888914556
227	0.00888965306
227	0.00746076994
227	0.00745934813
227	0.00745836577
228	0.0074600703
228	0.00605253323
228	0.00604742151
228	0.00604939288
229	0.00605139321
229	0.00461105009
229	0.00461962878
229	0.00461837475
230	0.00462119356
230	0.00313067739
230	0.00313102468
230	0.00313109249
231	0.00313017564
231	0.00172569368
231	0.00172660386
231	0.00172195711
232	0.00172616647
232	0.000310623281
232	0.000303778303
232	0.000296890345
233	0.000295112963
233	-0.00111012127
233	-0.00111635417
233	-0.00111988066
234	-0.00111802996
234	-0.00258693275
234	-0.00258597637
234	-0.00258619196
235	-0.00258832284
235	-0.00407512379
235	-0.00407433589
235	-0.0040721811
236	-0.00407385436
236	-0.0055799431
236	-0.00558074457
236	-0.0055795218
237	-0.00558593168
237	-0.0070673722
237	-0.00706480645
237	-0.00706648845
238	-0.00706610898
238	-0.00848291099
238	-0.00848794549
238	-0.00848514461
239	-0.00849104907
239	-0.00988814289
239	-0.00988692012
239	-0.00988446493
240	-0.00988764942
240	-0.0113490243
240	-0.0113427039
240	-0.0113406952
241	-0.0113421306
241	-0.0127233455
241	-0.0127185373
241	-0.0127200113
242	-0.0127249047
242	-0.0141276906
242	-0.0141286647
242	-0.0141312444
243	-0.0141282845
243	-0.0155093922
243	-0.0155070168
243	-0.0155090357
244	-0.0155090422
244	-0.0169248087
244	-0.016924404
244	-0.0169234359
245	-0.01692041
245	-0.0183586143
245	-0.0183556282
245	-0.0183591691
246	-0.0183628784
246	-0.0198373661
246	-0.0198404326
246	-0.0198387458
247	-0.0198396367
247	-0.0212418778
247	-0.0212364324
247	-0.021246617
248	-0.0212408642
248	-0.0226436919
248	-0.0226409333
248	-0.0226406363
249	-0.0226410296
249	-0.024029022
249	-0.0240277921
249	-0.024023443
250	-0.0240271775
250	-0.0254610125
250	-0.0254621695
250	-0.0254512235
251	-0.0254480525
251	-0.0269148244
251	-0.0269100179
251	-0.0269101712
252	-0.026910857
252	-0.0283397131
252	-0.0283386149
252	-0.0283405757
253	-0.0283412087
253	-0.0297082375
253	-0.0297008961
253	-0.0297081674
254	-0.0297023777
254	-0.0310722473
254	-0.0310720363
254	-0.0310730146
255	-0.0310636788
255	-0.0324233866
255	-0.0324261394
255	-0.0324262196
