DAC	thr_voltage
1	0.335819459
1	0.33437523
1	0.334374103
1	0.334358776
2	0.334398078
2	0.332948419
2	0.332947343
2	0.332939508
3	0.332922105
3	0.33146716
3	0.331485149
3	0.331473469
4	0.331463709
4	0.330034012
4	0.330078539
4	0.3300215
5	0.330024394
5	0.328589805
5	0.328595114
5	0.328586797
6	0.328574531
6	0.327065158
6	0.327083568
6	0.32704856
7	0.327082063
7	0.32557711
7	0.325560173
7	0.325605338
8	0.325570206
8	0.324140145
8	0.324122793
8	0.324141669
9	0.324059352
9	0.322598434
9	0.322580916
9	0.322592637
10	0.322607196
10	0.32110641
10	0.321073546
10	0.321066018
11	0.321078141
11	0.319563659
11	0.319594679
11	0.319592999
12	0.319616521
12	0.318117376
12	0.318092788
12	0.318132684
13	0.318115608
13	0.316642254
13	0.316648115
13	0.316681054
14	0.316674914
14	0.31519937
14	0.315215536
14	0.315288565
15	0.315233815
15	0.31376967
15	0.313733357
15	0.313745502
16	0.313787109
16	0.312296134
16	0.312281326
16	0.312230779
17	0.312262189
17	0.310846772
17	0.310853636
17	0.310840334
18	0.310774819
18	0.309463918
18	0.309454053
18	0.309416187
19	0.309447089
19	0.308016988
19	0.307999322
19	0.308034885
20	0.307998641
20	0.306578036
20	0.306577462
20	0.306581772
21	0.306590276
21	0.305078954
21	0.305088156
21	0.305067542
22	0.305098485
22	0.303574822
22	0.303594119
22	0.303581232
23	0.303585789
23	0.302075798
23	0.302067591
23	0.302086036
24	0.302063664
24	0.30062475
24	0.300629256
24	0.300607289
25	0.300647567
25	0.299197892
25	0.299192417
25	0.299227239
26	0.299239272
26	0.297709743
26	0.2977147
26	0.297708239
27	0.297678889
27	0.296181582
27	0.296167492
27	0.296171693
28	0.296171753
28	0.294645965
28	0.29467204
28	0.294649868
29	0.294670887
29	0.293197619
29	0.293178765
29	0.293197091
30	0.293210774
30	0.291744704
30	0.291744938
30	0.291754964
31	0.291785045
31	0.290308751
31	0.290308194
31	0.290265052
32	0.290269432
32	0.288804776
32	0.288815214
32	0.288810241
33	0.288816193
33	0.287420327
33	0.287431064
33	0.287436082
34	0.287405798
34	0.28595264
34	0.285950827
34	0.285985575
35	0.285964153
35	0.284561228
35	0.284581706
35	0.284536091
36	0.284553134
36	0.283151995
36	0.283110076
36	0.283138987
37	0.283104994
37	0.281683982
37	0.281683934
37	0.281671467
38	0.281689056
38	0.280227656
38	0.280201565
38	0.280197045
39	0.280154108
39	0.2787717
39	0.278758147
39	0.27876449
40	0.278764781
40	0.277287238
40	0.2773025
40	0.277302372
41	0.277318331
41	0.275890349
41	0.27588163
41	0.275905347
42	0.275901051
42	0.274380859
42	0.274378813
42	0.274361977
43	0.274378705
43	0.272867917
43	0.272897823
43	0.272884528
44	0.272900581
44	0.271351645
44	0.271362905
44	0.271350342
45	0.271354131
45	0.26987425
45	0.269881286
45	0.269897103
46	0.269895761
46	0.268442823
46	0.268439696
46	0.268439255
47	0.26845734
47	0.266997524
47	0.266996049
47	0.266996603
48	0.266982779
48	0.265531337
48	0.265522542
48	0.265539003
49	0.265550546
49	0.264109068
49	0.264131872
49	0.264129376
50	0.264103237
50	0.262693193
50	0.26268078
50	0.262658675
51	0.262692475
51	0.261238598
51	0.26123599
51	0.261265809
52	0.261272679
52	0.259851793
52	0.25983315
52	0.259867425
53	0.259850734
53	0.258396339
53	0.258396571
53	0.258434755
54	0.258385043
54	0.256886818
54	0.256882138
54	0.256868808
55	0.256893504
55	0.255496376
55	0.255519221
55	0.255519842
56	0.255521612
56	0.254050763
56	0.254034967
56	0.254019914
57	0.254036173
57	0.252539804
57	0.252563725
57	0.25253799
58	0.252555034
58	0.251035824
58	0.251033546
58	0.251015623
59	0.251047697
59	0.249497396
59	0.249490791
59	0.249509605
60	0.249515188
60	0.247982917
60	0.247990692
60	0.247970319
61	0.247962443
61	0.246524476
61	0.246538407
61	0.246523456
62	0.246531242
62	0.245078837
62	0.245092392
62	0.245079192
63	0.24505238
63	0.243645897
63	0.243625334
63	0.243634295
64	0.243618656
64	0.242162143
64	0.242146926
64	0.242140144
65	0.242151394
65	0.240741819
65	0.24077527
65	0.240736706
66	0.240758225
66	0.239341529
66	0.239312894
66	0.239312566
67	0.239311011
67	0.237886684
67	0.237891577
67	0.237930905
68	0.237906246
68	0.236487379
68	0.236512241
68	0.236509612
69	0.236489983
69	0.235062089
69	0.235034865
69	0.23504801
70	0.235051197
70	0.233493798
70	0.233497852
70	0.233515462
71	0.233481395
71	0.232051885
71	0.232033133
71	0.232045383
72	0.232049162
72	0.23060284
72	0.230603874
72	0.230603126
73	0.23059624
73	0.229162576
73	0.229141747
73	0.229158364
74	0.229149438
74	0.227639416
74	0.227679484
74	0.227645649
75	0.227667565
75	0.226134936
75	0.226124398
75	0.226099317
76	0.226106421
76	0.224574064
76	0.224564604
76	0.224584832
77	0.224578635
77	0.223112052
77	0.223132169
77	0.223159998
78	0.223150851
78	0.221714759
78	0.221713584
78	0.221675533
79	0.221684199
79	0.220272009
79	0.220246589
79	0.220227978
80	0.220222809
80	0.218759652
80	0.218759014
80	0.218782739
81	0.218760066
81	0.217341234
81	0.21734049
81	0.217352899
82	0.217354518
82	0.215975252
82	0.21593791
82	0.215922206
83	0.215934639
83	0.214533118
83	0.214555191
83	0.214562359
84	0.214569988
84	0.213135069
84	0.213138384
84	0.213096636
85	0.213108895
85	0.211573358
85	0.211565784
85	0.211605832
86	0.211626837
86	0.210086449
86	0.210103301
86	0.210079214
87	0.210123842
87	0.20866109
87	0.208679077
87	0.208680817
88	0.208672494
88	0.207199907
88	0.207244599
88	0.207246305
89	0.207230883
89	0.205807025
89	0.205785095
89	0.205758398
90	0.205765156
90	0.204266504
90	0.204260961
90	0.204274297
91	0.204271181
91	0.202754019
91	0.202753199
91	0.202747996
92	0.202721933
92	0.20127689
92	0.201272521
92	0.201289263
93	0.201285861
93	0.199807033
93	0.199792654
93	0.199795822
94	0.199782987
94	0.198349689
94	0.198358711
94	0.198371465
95	0.198368557
95	0.196919086
95	0.196910637
95	0.196903238
96	0.196914582
96	0.195450008
96	0.195448925
96	0.195469682
97	0.195448046
97	0.194048414
97	0.19404534
97	0.194071793
98	0.194071208
98	0.192672666
98	0.19266823
98	0.192676593
99	0.192675671
99	0.191280038
99	0.191270519
99	0.191253448
100	0.191239621
100	0.189814669
100	0.189822685
100	0.189823802
101	0.18981015
101	0.188371918
101	0.188386062
101	0.188381266
102	0.188365713
102	0.186854964
102	0.186830877
102	0.186853811
103	0.186865352
103	0.185420583
103	0.185434419
103	0.185406745
104	0.185399142
104	0.183967848
104	0.183953639
104	0.183991983
105	0.183984945
105	0.18255429
105	0.182548821
105	0.182547018
106	0.182525298
106	0.181036885
106	0.181047578
106	0.181035031
107	0.18102354
107	0.179497992
107	0.179492187
107	0.179494325
108	0.179481546
108	0.178021486
108	0.178012476
108	0.178017224
109	0.178006105
109	0.17658174
109	0.176568224
109	0.176581857
110	0.176572057
110	0.175126652
110	0.175100446
110	0.17510848
111	0.175124301
111	0.173683791
111	0.173673037
111	0.173686403
112	0.173715924
112	0.17226349
112	0.172270616
112	0.172255698
113	0.172261066
113	0.170785546
113	0.170814722
113	0.170805555
114	0.170820629
114	0.16936386
114	0.169386295
114	0.16939981
115	0.169407534
115	0.167974638
115	0.167943225
115	0.167962104
116	0.167969295
116	0.166531951
116	0.166534403
116	0.166525346
117	0.16653077
117	0.165080289
117	0.165093841
117	0.165103482
118	0.165104615
118	0.163605616
118	0.163610685
118	0.163605197
119	0.163585964
119	0.162185288
119	0.162174419
119	0.162180188
120	0.162166702
120	0.160744653
120	0.160720218
120	0.160719477
121	0.160735296
121	0.159278302
121	0.159271066
121	0.15929168
122	0.159295826
122	0.157755635
122	0.157763086
122	0.157769403
123	0.157754349
123	0.156230728
123	0.156239093
123	0.156239924
124	0.156232579
124	0.154694276
124	0.154684709
124	0.154701042
125	0.154708694
125	0.153229079
125	0.153223996
125	0.153194035
126	0.153195566
126	0.151743278
126	0.151742023
126	0.151749998
127	0.151732113
127	0.15031793
127	0.150333648
127	0.150340352
128	0.150338588
128	0.148889553
128	0.148885673
128	0.148883738
129	0.148859948
129	0.147451151
129	0.147431369
129	0.147440501
130	0.147457407
130	0.146002455
130	0.146034443
130	0.146041908
131	0.146030615
131	0.14463
131	0.144617871
131	0.144608449
132	0.144587985
132	0.143139256
132	0.143158215
132	0.143172076
133	0.143188708
133	0.141727036
133	0.141711113
133	0.141715556
134	0.141698353
134	0.140162845
134	0.140184994
134	0.140164066
135	0.140171189
135	0.138698242
135	0.138695272
135	0.13870046
136	0.138691636
136	0.137245817
136	0.137260995
136	0.137242084
137	0.137259683
137	0.135814601
137	0.135823586
137	0.135811105
138	0.135801531
138	0.134310789
138	0.134319059
138	0.134347565
139	0.134328268
139	0.13277577
139	0.132768341
139	0.132767036
140	0.132767046
140	0.131276236
140	0.131283068
140	0.131275249
141	0.131281476
141	0.129810233
141	0.129816465
141	0.129819229
142	0.129813351
142	0.128367238
142	0.128362334
142	0.128346784
143	0.128349919
143	0.12689411
143	0.126899932
143	0.126903366
144	0.126908376
144	0.125460985
144	0.12545589
144	0.125445763
145	0.125440525
145	0.124024321
145	0.124034738
145	0.124035271
146	0.124042388
146	0.12260782
146	0.122626849
146	0.122610908
147	0.12262223
147	0.121184417
147	0.121199981
147	0.121196323
148	0.121205675
148	0.119750711
148	0.119747039
148	0.119723981
149	0.119733134
149	0.118273237
149	0.118263205
149	0.118268124
150	0.118288455
150	0.116784282
150	0.116778315
150	0.116790135
151	0.116777232
151	0.115333972
151	0.115336501
151	0.115329979
152	0.115327278
152	0.113888343
152	0.113879524
152	0.113876696
153	0.113868826
153	0.112442978
153	0.112443352
153	0.112445924
154	0.112440525
154	0.110943142
154	0.110941396
154	0.110939678
155	0.110948198
155	0.109403171
155	0.109403232
155	0.109407932
156	0.109407431
156	0.107920263
156	0.107903155
156	0.10790044
157	0.107901135
157	0.106441513
157	0.106426505
157	0.106415598
158	0.106418941
158	0.104981226
158	0.104989148
158	0.10498825
159	0.10498156
159	0.103551719
159	0.103543874
159	0.103539702
160	0.10354164
160	0.102076262
160	0.102072524
160	0.102067308
161	0.102083286
161	0.100652106
161	0.100664038
161	0.100653573
162	0.100671856
162	0.09916678
162	0.0991622199
162	0.0991578306
163	0.099155457
163	0.09773227
163	0.0977328446
163	0.0977373445
164	0.0977432437
164	0.0963230265
164	0.0963348717
164	0.0963223827
165	0.0963111523
165	0.0948767756
165	0.0948545948
165	0.0948671789
166	0.0948696286
166	0.0933536608
166	0.0933485535
166	0.0933518469
167	0.0933452357
167	0.0919060635
167	0.0919027457
167	0.0919012625
168	0.0919129862
168	0.0904544612
168	0.0904569095
168	0.090458315
169	0.0904518596
169	0.0889983567
169	0.0890044383
169	0.0889992666
170	0.0890089552
170	0.0875085971
170	0.0875110707
170	0.0875120273
171	0.0875099502
171	0.0859605718
171	0.0859645171
171	0.0859702386
172	0.0859672359
172	0.0844692017
172	0.084473218
172	0.084485348
173	0.0844811793
173	0.0830281483
173	0.083024737
173	0.0830157349
174	0.0830087964
174	0.0815526246
174	0.0815537959
174	0.0815599683
175	0.0815592861
175	0.0801107654
175	0.0801030736
175	0.0800980003
176	0.0800878559
176	0.0786207649
176	0.0786271449
176	0.0786211681
177	0.0786315444
177	0.0772488159
177	0.0772454788
177	0.077239413
178	0.0772401828
178	0.0758298961
178	0.075821079
178	0.0758325827
179	0.0758254527
179	0.0744344226
179	0.0744314222
179	0.0744339555
180	0.0744325176
180	0.0730190595
180	0.0730102207
180	0.0730153607
181	0.0730021757
181	0.0715904224
181	0.071584195
181	0.0715893391
182	0.0715913829
182	0.0700798135
182	0.0700698412
182	0.0700755942
183	0.0700718349
183	0.0686345131
183	0.0686284001
183	0.0686301644
184	0.0686360195
184	0.067148913
184	0.0671531323
184	0.0671588657
185	0.0671711357
185	0.0657306259
185	0.0657275539
185	0.0657297371
186	0.0657253205
186	0.0642171374
186	0.0642108318
186	0.0642152113
187	0.0642085033
187	0.0626749693
187	0.062672134
187	0.0626601007
188	0.0626626639
188	0.0611467755
188	0.0611528581
188	0.0611556521
189	0.0611444026
189	0.0597028025
189	0.0597052575
189	0.0597113992
190	0.0597064359
190	0.0582724981
190	0.0582681764
190	0.0582762211
191	0.058271527
191	0.0568047839
191	0.0568088937
191	0.0568146161
192	0.0568175639
192	0.0553482044
192	0.0553490833
192	0.0553646775
193	0.0553539199
193	0.0539553199
193	0.0539623148
193	0.0539521375
194	0.0539552871
194	0.0525240373
194	0.0525213785
194	0.0525186925
195	0.0525147932
195	0.0510395787
195	0.0510340119
195	0.0510280845
196	0.0510271012
196	0.049613104
196	0.0496051716
196	0.049617848
197	0.0496194183
197	0.0481729662
197	0.0481756025
197	0.0481684553
198	0.0481639106
198	0.0466698135
198	0.0466697002
198	0.0466686282
199	0.0466675535
199	0.04524064
199	0.0452384018
199	0.0452384431
200	0.0452377237
200	0.0438268568
200	0.0438281761
200	0.0438272257
201	0.0438260994
201	0.0423860138
201	0.0423899322
201	0.0423921902
202	0.0423925952
202	0.0408690963
202	0.0408785718
202	0.0408774141
203	0.0408745321
203	0.0393464269
203	0.0393518747
203	0.0393486536
204	0.0393475904
204	0.0378266896
204	0.0378305255
204	0.0378240278
205	0.0378252621
205	0.0363626891
205	0.0363684933
205	0.0363666465
206	0.036365823
206	0.0349231282
206	0.0349184665
206	0.0349211343
207	0.03490961
207	0.0334870277
207	0.0334898656
207	0.0334890248
208	0.0334871564
208	0.0320206645
208	0.0320182863
208	0.0320172665
209	0.0320240844
209	0.0305990862
209	0.0305999001
209	0.0306002789
210	0.0306061836
210	0.0291871432
210	0.0291923728
210	0.0291899197
211	0.0291921543
211	0.0277703179
211	0.027773888
211	0.027769144
212	0.0277727386
212	0.0263494668
212	0.0263520252
212	0.026351839
213	0.0263530379
213	0.0249148178
213	0.0249128503
213	0.0249151393
214	0.024912132
214	0.023414404
214	0.0234159021
214	0.0234144929
215	0.0234179884
215	0.0219678959
215	0.0219697517
215	0.0219700385
216	0.021972169
216	0.0205446462
216	0.0205440571
216	0.0205471492
217	0.0205428245
217	0.0190932492
217	0.0190925123
217	0.0190938528
218	0.0190941371
218	0.0175613381
218	0.0175567665
218	0.0175606001
219	0.0175593065
219	0.0159711598
219	0.0159698336
219	0.0159694693
220	0.0159714282
220	0.0144454221
220	0.0144437024
220	0.0144456092
221	0.0144447631
221	0.0129934509
221	0.0129926844
221	0.0129977738
222	0.0129943025
222	0.011552669
222	0.0115509978
222	0.0115524293
223	0.0115512789
223	0.0101269145
223	0.0101222213
223	0.0101242775
224	0.0101238256
224	0.0086088451
224	0.00861156484
224	0.00860827371
225	0.0086080064
225	0.00722294875
225	0.00722383319
225	0.00722835077
226	0.00722711076
226	0.00580276339
226	0.0058047959
226	0.00580686081
227	0.00579999308
227	0.00438011479
227	0.00438089282
227	0.00438399869
228	0.0043707528
228	0.00295806426
228	0.00296158845
228	0.00295836604
229	0.00295660774
229	0.00151170821
229	0.00151700427
229	0.00151613845
230	0.00151526734
230	2.59275263e-05
230	2.28706042e-05
230	2.71875299e-05
231	2.23803474e-05
231	-0.00139318927
231	-0.0013920805
231	-0.00138745926
232	-0.00138784356
232	-0.00280921052
232	-0.00280343317
232	-0.00280191505
233	-0.00280179185
233	-0.00422144578
233	-0.00421980102
233	-0.00421552592
234	-0.00422010441
234	-0.00569261458
234	-0.00569995809
234	-0.00570013737
235	-0.00570062096
235	-0.00719336037
235	-0.00719148553
235	-0.00719583579
236	-0.00720336455
236	-0.00871158692
236	-0.00871020762
236	-0.00870567947
237	-0.00870642807
237	-0.0101937546
237	-0.0101940068
237	-0.010195367
238	-0.0101916654
238	-0.0116182815
238	-0.0116162241
238	-0.0116106472
239	-0.0116066709
239	-0.0130210269
239	-0.0130197055
239	-0.0130275871
240	-0.0130232713
240	-0.0144838418
240	-0.0144816629
240	-0.0144843417
241	-0.0144900004
241	-0.0158785861
241	-0.0158882607
241	-0.0158890006
242	-0.0158800539
242	-0.0172828579
242	-0.0172878734
242	-0.0172823293
243	-0.0172847707
243	-0.0186717318
243	-0.0186776126
243	-0.0186731854
244	-0.0186704038
244	-0.0200881346
244	-0.0200861285
244	-0.0200902068
245	-0.0200946451
245	-0.0215357282
245	-0.0215380936
245	-0.021534166
246	-0.0215360537
246	-0.0230170885
246	-0.023016826
246	-0.0230227406
247	-0.0230208662
247	-0.0244295289
247	-0.024425178
247	-0.0244236516
248	-0.0244274805
248	-0.0258361237
248	-0.0258360693
248	-0.0258344404
249	-0.0258391687
249	-0.0272433954
249	-0.0272401022
249	-0.0272373413
250	-0.0272420915
250	-0.0286800455
250	-0.0286837968
250	-0.0286825554
251	-0.0286811223
251	-0.0301441001
251	-0.0301478096
251	-0.0301511451
252	-0.0301546902
252	-0.0315877041
252	-0.0315815496
252	-0.0315887198
253	-0.0315790907
253	-0.0329673065
253	-0.0329642489
253	-0.0329695955
254	-0.0329698966
254	-0.0343489984
254	-0.0343468248
254	-0.0343340473
255	-0.0343314303
255	-0.0357176541
255	-0.0357231425
255	-0.0357286479
