DAC	thr_voltage
1	0.337882258
1	0.336460958
1	0.336470059
1	0.336500729
2	0.33647618
2	0.334997101
2	0.334962626
2	0.334988354
3	0.335019248
3	0.333592787
3	0.333568612
3	0.333549378
4	0.333501775
4	0.332075391
4	0.332056265
4	0.332043881
5	0.332072658
5	0.330595116
5	0.330645971
5	0.330671084
6	0.330638566
6	0.329134632
6	0.329122708
6	0.329112656
7	0.329113629
7	0.32768112
7	0.327658462
7	0.327668624
8	0.327684222
8	0.326200358
8	0.326172644
8	0.326213694
9	0.326176879
9	0.324706421
9	0.324670214
9	0.324646254
10	0.324646994
10	0.323128082
10	0.323163291
10	0.323192574
11	0.323137192
11	0.321645461
11	0.321657646
11	0.321670201
12	0.321678467
12	0.320213164
12	0.320192529
12	0.320193717
13	0.320175732
13	0.318698091
13	0.31867627
13	0.318679287
14	0.318699922
14	0.317254876
14	0.317256242
14	0.317202065
15	0.317230838
15	0.315747578
15	0.315730853
15	0.31576888
16	0.315801426
16	0.31429142
16	0.314299129
16	0.314291067
17	0.314248731
17	0.312867972
17	0.312831097
17	0.312845599
18	0.312859073
18	0.311389594
18	0.311333783
18	0.311373742
19	0.311334443
19	0.309883251
19	0.309897558
19	0.309867216
20	0.309882189
20	0.308472307
20	0.308497806
20	0.308508119
21	0.308512102
21	0.307015276
21	0.307037223
21	0.307032541
22	0.307062624
22	0.305495086
22	0.305519234
22	0.305520665
23	0.30551393
23	0.304015227
23	0.304030285
23	0.30398443
24	0.304021705
24	0.302584656
24	0.30258335
24	0.302586959
25	0.302560689
25	0.30113343
25	0.301130663
25	0.301069503
26	0.301106947
26	0.299626987
26	0.299565326
26	0.299595043
27	0.299570416
27	0.298053814
27	0.298047442
27	0.298029152
28	0.298048283
28	0.296554553
28	0.296528133
28	0.296541903
29	0.296534074
29	0.295085561
29	0.295076133
29	0.295113978
30	0.295103859
30	0.293629936
30	0.293615435
30	0.293641812
31	0.293642793
31	0.292118135
31	0.292087077
31	0.292130885
32	0.292110151
32	0.290675021
32	0.290660284
32	0.290639859
33	0.290626128
33	0.28924577
33	0.289231633
33	0.289222539
34	0.289203027
34	0.287808514
34	0.287785354
34	0.287779773
35	0.287792011
35	0.28639834
35	0.286380341
35	0.286391853
36	0.286387396
36	0.284946326
36	0.284947679
36	0.284931695
37	0.28497939
37	0.283506003
37	0.28348378
37	0.283491119
38	0.283508067
38	0.282035979
38	0.28198086
38	0.281967551
39	0.281997104
39	0.280523785
39	0.280497206
39	0.280487452
40	0.280516645
40	0.279071129
40	0.279066226
40	0.279077338
41	0.279091844
41	0.277613105
41	0.277595453
41	0.277609129
42	0.277552415
42	0.276068784
42	0.276072269
42	0.27607627
43	0.276082944
43	0.274579143
43	0.274547089
43	0.274530013
44	0.274546686
44	0.273068762
44	0.273080789
44	0.273077808
45	0.273077747
45	0.271564924
45	0.271590386
45	0.271598379
46	0.27158787
46	0.270137579
46	0.270140294
46	0.270156633
47	0.270127581
47	0.268704103
47	0.268689308
47	0.268695326
48	0.26870882
48	0.267231707
48	0.267239305
48	0.267256062
49	0.267193722
49	0.265749275
49	0.265764382
49	0.265756788
50	0.265784071
50	0.264342209
50	0.264339891
50	0.264379511
51	0.264362539
51	0.262915649
51	0.262870575
51	0.262894425
52	0.26286656
52	0.261412866
52	0.261445962
52	0.261471511
53	0.261444336
53	0.259981207
53	0.259956728
53	0.259995875
54	0.259957761
54	0.258457935
54	0.258481483
54	0.258450478
55	0.258496638
55	0.257059527
55	0.25706758
55	0.257084551
56	0.257068075
56	0.255582322
56	0.255577561
56	0.255562289
57	0.255580709
57	0.254073835
57	0.25411223
57	0.254166057
58	0.254142812
58	0.252581052
58	0.252562344
58	0.252570727
59	0.252557722
59	0.251004434
59	0.251006897
59	0.251005514
60	0.251028435
60	0.249517258
60	0.249490412
60	0.249500285
61	0.249497774
61	0.248039244
61	0.248031664
61	0.248035598
62	0.248022448
62	0.246587117
62	0.246601025
62	0.24658749
63	0.246586493
63	0.245144655
63	0.245130386
63	0.245114687
64	0.245140928
64	0.243639642
64	0.243635382
64	0.243645946
65	0.243654327
65	0.242230083
65	0.242197128
65	0.242208841
66	0.242167648
66	0.240730618
66	0.240798939
66	0.240801309
67	0.240797452
67	0.239356947
67	0.239364619
67	0.239380511
68	0.239379372
68	0.237960308
68	0.237956724
68	0.237940293
69	0.237929121
69	0.236445043
69	0.236474976
69	0.236417049
70	0.236423593
70	0.234866886
70	0.234901665
70	0.234902819
71	0.234897591
71	0.233428581
71	0.233423197
71	0.233427836
72	0.233441326
72	0.231997532
72	0.231990075
72	0.232020245
73	0.232025333
73	0.23058563
73	0.230564176
73	0.230516331
74	0.230521489
74	0.229027334
74	0.229030799
74	0.229022055
75	0.229008115
75	0.227498911
75	0.2275094
75	0.22751747
76	0.227522155
76	0.225992296
76	0.226011296
76	0.226016526
77	0.225998951
77	0.224535703
77	0.224538829
77	0.224517446
78	0.224516985
78	0.223082516
78	0.223091047
78	0.22308908
79	0.223066946
79	0.221598158
79	0.221618466
79	0.221618259
80	0.221612143
80	0.220121943
80	0.220116431
80	0.220147234
81	0.22013911
81	0.218721335
81	0.218700412
81	0.218722717
82	0.218705834
82	0.217272627
82	0.217268751
82	0.217254468
83	0.217284293
83	0.21585731
83	0.215825819
83	0.215833686
84	0.215829339
84	0.214388004
84	0.214375766
84	0.214377007
85	0.214391152
85	0.212905717
85	0.21288411
85	0.212865565
86	0.212886158
86	0.211361727
86	0.211390048
86	0.21136241
87	0.211373875
87	0.209910572
87	0.209874966
87	0.20990041
88	0.209919817
88	0.208452456
88	0.208463498
88	0.20845067
89	0.208438933
89	0.206969434
89	0.206983105
89	0.206970871
90	0.206967677
90	0.205436693
90	0.20545254
90	0.205478073
91	0.205491518
91	0.203983799
91	0.203967751
91	0.20394663
92	0.203943314
92	0.202439628
92	0.20246128
92	0.202434991
93	0.202419275
93	0.200976599
93	0.200975729
93	0.200981541
94	0.200997435
94	0.199509836
94	0.199528928
94	0.199550331
95	0.199533156
95	0.198074157
95	0.198070179
95	0.198085226
96	0.198099837
96	0.196620381
96	0.196615253
96	0.196620936
97	0.196627001
97	0.195206283
97	0.195201731
97	0.195206418
98	0.195187694
98	0.193765983
98	0.19377406
98	0.193760981
99	0.193749642
99	0.192314128
99	0.192317312
99	0.19232572
100	0.192327394
100	0.190859458
100	0.190869072
100	0.190878718
101	0.1908719
101	0.189414873
101	0.189410086
101	0.189391019
102	0.189412751
102	0.187898135
102	0.187881588
102	0.187890146
103	0.187892781
103	0.186402094
103	0.18641896
103	0.186410762
104	0.186413444
104	0.184954804
104	0.184947538
104	0.184951709
105	0.184949224
105	0.183510483
105	0.183511787
105	0.183519469
106	0.183496772
106	0.182009364
106	0.182016958
106	0.181999035
107	0.182009615
107	0.180477702
107	0.180478457
107	0.180471149
108	0.180500471
108	0.178973341
108	0.178980835
108	0.178975438
109	0.178971645
109	0.177511008
109	0.177535455
109	0.177507271
110	0.177511675
110	0.176049925
110	0.176061738
110	0.176059524
111	0.17606086
111	0.174625944
111	0.174621238
111	0.174604057
112	0.174613095
112	0.173145688
112	0.173139709
112	0.173132983
113	0.173131421
113	0.171689368
113	0.171687202
113	0.171678868
114	0.171695596
114	0.17022487
114	0.170238124
114	0.170232564
115	0.170237469
115	0.168807363
115	0.168844332
115	0.168832728
116	0.168804293
116	0.167362624
116	0.167376101
116	0.167379561
117	0.167354188
117	0.165908093
117	0.165927949
117	0.165912165
118	0.16591296
118	0.164416855
118	0.164414664
118	0.164435107
119	0.164426309
119	0.162983403
119	0.16295697
119	0.162955793
120	0.162967123
120	0.161490648
120	0.161503782
120	0.16150498
121	0.161518281
121	0.160064238
121	0.160057126
121	0.160046171
122	0.160034683
122	0.158517353
122	0.158515263
122	0.158532054
123	0.158539663
123	0.157000916
123	0.157002533
123	0.157015943
124	0.156990659
124	0.155446219
124	0.155466592
124	0.15544479
125	0.155454503
125	0.153989451
125	0.154012873
125	0.153986009
126	0.153997367
126	0.152530114
126	0.152501781
126	0.152502279
127	0.152501736
127	0.151062945
127	0.151068629
127	0.151089067
128	0.151077392
128	0.149624093
128	0.149615837
128	0.149616654
129	0.149623405
129	0.148181443
129	0.148182317
129	0.148179452
130	0.148180059
130	0.146723342
130	0.146715578
130	0.146730484
131	0.146717471
131	0.14531015
131	0.145312941
131	0.145310844
132	0.145322551
132	0.143855391
132	0.143855131
132	0.143855192
133	0.143845909
133	0.142351498
133	0.142382351
133	0.142394128
134	0.142378872
134	0.140870031
134	0.140869464
134	0.140861669
135	0.140886504
135	0.139385457
135	0.139380361
135	0.139365892
136	0.139366303
136	0.137915593
136	0.137890439
136	0.137901656
137	0.137899774
137	0.136442688
137	0.136441119
137	0.136453454
138	0.136459508
138	0.134956654
138	0.13492222
138	0.134945323
139	0.134945875
139	0.133424899
139	0.133423495
139	0.133430738
140	0.133440065
140	0.131901184
140	0.131895606
140	0.131897789
141	0.131913076
141	0.130448987
141	0.130429076
141	0.130457675
142	0.130432747
142	0.128969101
142	0.128956066
142	0.128972774
143	0.128971601
143	0.127495502
143	0.12750108
143	0.127487138
144	0.127486767
144	0.126040539
144	0.126049517
144	0.126045787
145	0.126057079
145	0.124626533
145	0.124617306
145	0.12463045
146	0.124620486
146	0.123185736
146	0.123170053
146	0.123182593
147	0.123177101
147	0.121720798
147	0.121722098
147	0.121723171
148	0.12172906
148	0.120278864
148	0.120280331
148	0.120287194
149	0.120288371
149	0.118807138
149	0.118803008
149	0.118783782
150	0.118771117
150	0.117262317
150	0.117262532
150	0.117260354
151	0.117258963
151	0.115807621
151	0.11581253
151	0.115798031
152	0.115801963
152	0.11433836
152	0.114334593
152	0.114349958
153	0.11435598
153	0.11290268
153	0.112890838
153	0.112891677
154	0.112882513
154	0.111375163
154	0.111383163
154	0.111383109
155	0.111389324
155	0.10984266
155	0.10985278
155	0.109851452
156	0.109849102
156	0.108342372
156	0.108336577
156	0.108342173
157	0.108310902
157	0.106846189
157	0.106854099
157	0.106855601
158	0.106855421
158	0.105397349
158	0.10540854
158	0.105411236
159	0.105414777
159	0.103969622
159	0.103970705
159	0.103973091
160	0.103965579
160	0.102519906
160	0.102515298
160	0.102511786
161	0.102496647
161	0.101056604
161	0.101068284
161	0.101070707
162	0.101067262
162	0.0995629317
162	0.0995620241
162	0.0995601993
163	0.0995586169
163	0.0981272665
163	0.0981304961
163	0.0981237821
164	0.0981208667
164	0.0966922885
164	0.0966821674
164	0.0966760733
165	0.0966801438
165	0.0952305646
165	0.0952281227
165	0.0952165967
166	0.0952153958
166	0.0937015931
166	0.0937046811
166	0.0936977448
167	0.0937095372
167	0.0922465578
167	0.0922519134
167	0.0922581047
168	0.0922423211
168	0.0907757247
168	0.0907737062
168	0.0907732693
169	0.090772315
169	0.0893193554
169	0.0893129453
169	0.0893248855
170	0.0893462851
170	0.0878340152
170	0.0878233985
170	0.0878289621
171	0.0878302934
171	0.0862835532
171	0.0862905632
171	0.0862804583
172	0.0862763846
172	0.0847664151
172	0.0847817098
172	0.0847777144
173	0.084777628
173	0.0833112421
173	0.0833021024
173	0.0832973407
174	0.0832997706
174	0.0818383163
174	0.0818476528
174	0.0818545647
175	0.0818470074
175	0.0803817377
175	0.0803911764
175	0.0803840867
176	0.0803855508
176	0.0789131938
176	0.078909244
176	0.0789041205
177	0.0789166199
177	0.077504955
177	0.0774911283
177	0.0774955328
178	0.0774938214
178	0.0760646121
178	0.0760557319
178	0.0760734422
179	0.0760754557
179	0.0746500779
179	0.0746438059
179	0.0746427045
180	0.074648563
180	0.0732057952
180	0.0732085111
180	0.0731989404
181	0.0732018428
181	0.0717591909
181	0.0717610051
181	0.0717525422
182	0.071762565
182	0.0702488836
182	0.0702485473
182	0.0702465787
183	0.070253771
183	0.068810054
183	0.0688045694
183	0.0687999096
184	0.0687885553
184	0.0673044662
184	0.0672987468
184	0.0673000597
185	0.0673001206
185	0.0658521517
185	0.0658494945
185	0.0658475475
186	0.0658578477
186	0.0643425181
186	0.0643410852
186	0.0643343549
187	0.06433788
187	0.0628063441
187	0.0628000627
187	0.062798417
188	0.0628008532
188	0.0612799461
188	0.0612719119
188	0.0612788017
189	0.0612841399
189	0.0598249218
189	0.0598257166
189	0.0598212169
190	0.0598225307
190	0.0583766686
190	0.0583854873
190	0.0583724397
191	0.0583806709
191	0.0569065711
191	0.0569002293
191	0.056905061
192	0.0569012879
192	0.0554291407
192	0.055432946
192	0.0554335033
193	0.0554249485
193	0.0540071348
193	0.054010778
193	0.0540106181
194	0.0540209769
194	0.0525762139
194	0.0525626003
194	0.0525715113
195	0.0525601035
195	0.051091081
195	0.0510840802
195	0.0510828057
196	0.0510847345
196	0.0496417759
196	0.0496407873
196	0.0496443968
197	0.0496437617
197	0.0481871591
197	0.0481888275
197	0.0481904389
198	0.0481921667
198	0.0466839085
198	0.0466881534
198	0.0466924791
199	0.0466842431
199	0.0452246647
199	0.045233239
199	0.0452403389
200	0.0452357379
200	0.0437941833
200	0.0437997619
200	0.0438013287
201	0.0437992176
201	0.0423381815
201	0.0423484006
201	0.0423452195
202	0.0423397228
202	0.040823404
202	0.0408299684
202	0.0408290324
203	0.040824456
203	0.0392998642
203	0.0393018455
203	0.0393123808
204	0.0393064405
204	0.0377885137
204	0.0377811112
204	0.0377835273
205	0.0377872434
205	0.0363181741
205	0.0363116955
205	0.0363176847
206	0.0363184929
206	0.0348649646
206	0.0348611053
206	0.0348579983
207	0.0348587041
207	0.0334164976
207	0.0334121455
207	0.0334153959
208	0.0334181476
208	0.0319439298
208	0.0319441973
208	0.0319344855
209	0.0319346827
209	0.0304980607
209	0.0305012013
209	0.0305000284
210	0.0305009004
210	0.0290768626
210	0.0290690828
210	0.0290737537
211	0.0290730899
211	0.0276341954
211	0.0276347326
211	0.0276303559
212	0.0276322661
212	0.0261922084
212	0.0261987005
212	0.0261968999
213	0.0261935387
213	0.0247387029
213	0.0247423395
213	0.0247396228
214	0.024737833
214	0.0232399799
214	0.0232397475
214	0.0232392678
215	0.0232424015
215	0.021788108
215	0.0217933289
215	0.0217903467
216	0.0217909668
216	0.020342303
216	0.020347281
216	0.0203426131
217	0.0203466685
217	0.0188852036
217	0.018885159
217	0.0188851068
218	0.0188798893
218	0.0173537186
218	0.0173548299
218	0.0173508656
219	0.0173521865
219	0.0157805637
219	0.0157759946
219	0.0157751775
220	0.0157786904
220	0.0142541698
220	0.0142576524
220	0.0142589921
221	0.0142577029
221	0.0127950521
221	0.0127937082
221	0.0127960105
222	0.0127955642
222	0.0113400548
222	0.0113428214
222	0.0113434983
223	0.0113448401
223	0.00990086591
223	0.00989798482
223	0.0098985153
224	0.00990113368
224	0.00839066728
224	0.00838720308
224	0.00838696151
225	0.00838894575
225	0.00698286659
225	0.0069803691
225	0.00697904084
226	0.00698508504
226	0.00554033237
226	0.00554112762
226	0.00554588654
227	0.00554464791
227	0.00410104354
227	0.00409556568
227	0.00409462722
228	0.00409657998
228	0.00266800878
228	0.00266353165
228	0.00266504793
229	0.00266873187
229	0.00121406743
229	0.00121571977
229	0.00121047221
230	0.00121350523
230	-0.000282417543
230	-0.000285860832
230	-0.000285755793
231	-0.00028840842
231	-0.00171851956
231	-0.00172014892
231	-0.00171935067
232	-0.00171452304
232	-0.00315826988
232	-0.00316146724
232	-0.00316181177
233	-0.00315725213
233	-0.0045977607
233	-0.00460105046
233	-0.00459687925
234	-0.00459873823
234	-0.00608107054
234	-0.00608424699
234	-0.00608904291
235	-0.00608328486
235	-0.0075837238
235	-0.00758104267
235	-0.00758189379
236	-0.00758058276
236	-0.00909304321
236	-0.00909618954
236	-0.00909499895
237	-0.00909743851
237	-0.0105823235
237	-0.0105824683
237	-0.010580838
238	-0.0105831695
238	-0.0120262346
238	-0.0120348048
238	-0.0120268791
239	-0.0120272245
239	-0.0134619072
239	-0.0134623253
239	-0.0134628009
240	-0.0134626669
240	-0.0149289338
240	-0.014937957
240	-0.0149395408
241	-0.0149365039
241	-0.016347976
241	-0.0163433215
241	-0.0163481657
242	-0.0163503172
242	-0.0177763231
242	-0.0177752166
242	-0.0177722472
243	-0.0177734325
243	-0.0191803618
243	-0.0191789232
243	-0.0191808429
244	-0.0191779905
244	-0.0206094977
244	-0.0206066639
244	-0.0206100635
245	-0.0206078984
245	-0.0220651933
245	-0.0220633723
245	-0.0220603121
246	-0.0220593426
246	-0.0235515393
246	-0.0235479951
246	-0.0235529012
247	-0.0235552568
247	-0.0249876833
247	-0.0249854228
247	-0.0249887797
248	-0.0249843579
248	-0.0264151974
248	-0.0264207269
248	-0.0264177489
249	-0.0264163636
249	-0.0278434887
249	-0.0278520401
249	-0.0278464939
250	-0.027841222
250	-0.0293082586
250	-0.0293119982
250	-0.0293116368
251	-0.0293108124
251	-0.0307945779
251	-0.0307935862
251	-0.030793246
252	-0.0307917021
252	-0.032254502
252	-0.0322510936
252	-0.0322516204
253	-0.0322564364
253	-0.0336656371
253	-0.033665764
253	-0.0336730978
254	-0.0336669109
254	-0.0350783975
254	-0.0350781642
254	-0.035083674
255	-0.0350812919
255	-0.0364960861
255	-0.0364943506
255	-0.0364917278
